           0  0.000000000000000E+000
       86400  0.180005973522770     
      172800   3.51909810569386     
      259200  0.345677429770749     
      345600   1.10710138844044     
      432000  0.679024647508380     
      518400  0.234251695188881     
      604800  0.875115111398054     
      691200  0.265737057367347     
      777600  0.177703637929173     
      864000  0.204740716822724     
      950400  0.771644494672228     
     1036800  0.485735389086215     
     1123200  0.259126305026367     
     1209600  0.156003659455388     
     1296000  0.702338661069853     
