           0  0.000000000000000E+000
       86400   4.32014336454647     
      172800   88.7784979011992     
      259200   97.0747562156972     
      345600   123.645189538268     
      432000   139.941781078469     
      518400   145.563821763002     
      604800   166.566584436555     
      691200   172.944273813372     
      777600   177.209161123672     
      864000   182.122938327417     
      950400   200.642406199551     
     1036800   212.300055537620     
     1123200   218.519086858253     
     1209600   222.263174685182     
     1296000   239.119302550858     
