0.200,0.000,12.874,13.286,8.950,9.187,60,    ,    ,    ,    ,0,20041102
0,-60.000,14.180,0,-50.000,13.980,0,-40.000,13.790,0,-30.000,13.520,0,-20.000,13.250,0,-10.000,12.920,2,0.000,12.720,1,0.000,12.874,0,10.000,12.390,0,20.000,12.280,0,30.000,12.040,0,40.000,11.600,0,50.000,11.580,0,58.300,11.260,0,62.300,11.700,0,68.300,11.230,13,70.600,11.030,0,72.000,10.130,0,72.500,8.920,2,73.360,8.840,12,73.360,8.950,0,73.860,8.790,16,74.060,7.990,0,74.060,7.790,0,75.060,7.260,0,76.560,7.020,0,77.860,7.220,0,79.360,7.360,0,81.860,7.330,0,85.760,7.360,0,87.160,7.110,0,87.860,7.140,0,88.760,7.380,16,90.060,7.990,0,90.760,8.990,2,91.250,9.110,12,91.250,9.187,0,92.950,9.520,0,93.550,9.740,0,94.150,9.890,13,96.650,10.960,0,97.950,11.130,0,102.650,13.470,0,110.350,13.650,0,120.350,13.750,0,130.350,13.730,0,132.550,13.450,0,134.450,13.510,2,135.350,13.260,18,135.350,13.286,0,136.750,13.310,0,139.850,13.190,0,149.350,13.300,0,157.850,13.310,0,164.150,13.240,0,170.750,12.340,0,178.350,11.740,0,182.850,10.690,0,195.350,10.320,0,200.550,10.040
0.400,212.000,22.772,22.349,10.127,11.292,92,16.830,17.210,20.150,19.940,0,20041102
28,-73.500,17.300,0,-63.500,17.170,28,-58.500,17.130,0,-57.500,16.420,0,-56.000,16.450,0,-54.000,17.250,0,-50.300,17.250,0,-45.600,16.980,0,-41.300,16.880,0,-36.500,16.770,0,-36.000,16.660,0,-34.100,15.520,0,-32.600,15.430,0,-30.900,16.650,24,-26.800,16.830,0,-18.100,19.980,0,-14.300,20.150,0,-9.000,22.460,0,-8.000,22.610,3,-7.500,22.740,0,-6.800,22.860,0,-6.000,23.030,0,-4.300,23.020,0,-2.000,23.020,0,-1.600,22.910,0,-0.700,22.690,2,0.000,22.620,1,0.000,22.772,3,0.600,22.490,0,11.000,18.610,0,17.200,18.370,24,21.200,17.060,0,28.700,17.210,0,37.600,16.930,0,43.300,16.700,0,53.000,12.220,13,58.000,11.870,0,61.000,10.240,2,61.940,9.880,12,61.940,10.127,0,65.340,8.910,16,65.840,8.040,0,66.440,7.530,0,69.140,7.360,0,72.440,7.460,0,75.840,7.430,0,77.540,7.360,16,77.840,8.040,0,78.640,8.840,0,80.140,9.400,0,81.140,10.110,2,83.730,11.070,12,83.730,11.292,13,85.990,11.960,0,87.990,12.100,0,97.990,12.390,0,107.990,12.600,0,117.990,12.910,0,127.990,13.180,0,137.990,13.490,0,147.990,13.870,0,156.990,14.050,0,164.990,14.090,0,174.990,14.130,0,184.990,14.120,0,194.190,14.200,0,197.990,14.250,25,203.490,14.470,0,210.990,16.660,0,218.090,18.490,0,225.490,18.860,0,227.990,19.800,0,236.190,21.880,0,236.790,22.000,0,237.590,22.130,3,237.790,22.220,2,237.990,22.230,18,237.990,22.349,0,238.390,22.280,0,239.690,22.390,0,239.890,22.450,0,240.990,22.480,0,243.890,22.460,0,246.090,22.410,0,247.290,22.350,0,247.690,22.120,3,248.690,22.020,0,248.890,21.970,25,255.490,20.150,0,264.990,20.110,0,274.990,20.110,28,284.990,19.940
0.600,220.000,22.493,22.464,10.722,11.278,76,16.250,15.630,20.050,19.910,0,20041102
28,-70.000,15.630,0,-60.000,15.620,0,-50.000,15.640,0,-41.000,15.640,28,-31.800,15.650,0,-31.500,15.880,0,-30.900,15.860,0,-29.900,15.080,0,-29.100,15.070,0,-28.000,15.960,0,-26.700,16.210,24,-22.300,16.250,0,-14.100,19.340,0,-11.000,19.590,3,-5.400,22.340,0,-5.000,22.420,0,-4.300,22.630,0,-2.600,22.650,0,-1.100,22.580,0,-0.200,22.510,1,0.000,22.493,2,0.001,22.440,3,0.000,22.440,0,0.800,22.110,0,7.500,18.860,0,13.200,18.370,0,19.700,15.860,0,24.100,15.420,24,29.500,12.830,0,35.700,12.800,0,45.500,12.470,13,53.500,12.260,2,57.360,10.560,12,57.360,10.722,0,58.860,9.990,10,61.260,8.280,16,61.510,8.100,0,62.460,7.740,0,64.760,7.700,0,67.560,7.710,10,69.860,7.680,0,70.860,7.790,16,70.960,8.100,0,71.360,8.470,0,74.460,10.040,0,76.660,10.360,2,78.610,10.960,12,78.610,11.278,13,81.540,12.210,0,90.240,12.360,0,100.240,12.610,0,110.240,12.850,0,120.240,13.080,0,130.240,13.280,0,140.240,13.560,0,150.040,13.920,25,156.740,14.250,0,170.240,18.470,0,175.240,18.820,0,183.240,22.040,0,183.640,22.120,3,184.040,22.300,2,184.240,22.340,18,184.240,22.464,0,184.840,22.380,0,185.340,22.500,0,187.240,22.490,0,189.140,22.440,0,190.140,22.160,3,190.740,22.050,25,194.640,20.050,28,204.240,19.830,0,214.240,19.840,0,224.240,19.890,0,234.240,19.930,28,244.240,20.110
0.800,195.000,22.677,22.642,10.374,12.550,99,15.470,15.500,19.970,19.840,0,20041102
28,-75.000,15.490,0,-65.000,15.500,28,-55.000,15.500,0,-50.000,15.540,0,-49.400,15.680,0,-48.800,15.600,0,-47.000,14.450,0,-46.400,14.440,0,-46.200,13.710,0,-45.000,13.710,0,-44.700,14.410,0,-44.200,14.420,0,-42.300,15.390,0,-33.000,14.940,0,-31.300,14.850,0,-30.400,14.200,0,-29.600,13.290,0,-29.200,13.270,0,-28.200,14.350,0,-27.500,14.920,0,-26.600,15.170,24,-19.400,15.470,3,-5.100,22.390,0,-4.400,22.760,0,-4.000,22.820,0,-2.600,22.830,0,-0.800,22.790,0,-0.600,22.630,2,0.000,22.540,1,0.000,22.677,3,0.200,22.530,0,7.700,18.540,0,11.000,18.260,24,19.500,14.960,0,25.600,14.690,0,33.300,14.250,0,42.400,12.430,13,46.500,12.310,2,50.910,10.170,12,50.910,10.374,0,53.310,9.210,0,54.510,9.180,11,55.110,8.750,0,55.110,8.250,0,55.610,8.220,16,55.610,8.140,11,55.610,7.960,10,57.710,7.940,0,57.710,7.410,0,59.510,7.420,10,60.910,7.460,0,60.910,7.980,11,63.110,7.990,16,63.110,8.140,0,63.110,8.280,0,63.410,8.420,11,63.410,8.830,0,64.410,9.310,0,65.810,9.550,13,72.410,12.350,2,73.130,12.390,12,73.130,12.550,0,82.800,12.540,0,93.000,12.550,0,103.000,12.500,0,113.000,12.630,0,123.000,12.720,0,133.000,12.760,0,143.000,13.110,0,151.900,13.380,0,155.600,13.780,25,163.400,14.020,0,174.200,18.440,0,179.800,18.890,0,186.500,22.120,0,187.000,22.210,3,187.400,22.360,2,188.000,22.500,18,188.000,22.642,0,188.400,22.520,0,188.700,22.610,0,190.500,22.620,0,192.200,22.560,0,192.800,22.430,3,193.100,22.360,0,193.500,22.240,0,193.900,22.130,25,198.100,19.970,28,208.000,19.840,28,218.000,19.830,0,228.000,19.920,0,229.000,20.020,0,229.600,20.160,0,230.800,20.220,0,231.000,19.540,0,231.700,19.550,0,232.000,20.230,0,238.000,20.540,0,244.000,20.720
1.000,205.000,22.513,19.949,9.524,12.662,89,15.810,15.620,19.840,19.800,0,20041102
28,-60.000,15.610,0,-50.000,15.630,0,-45.000,15.620,28,-39.000,15.610,0,-29.000,15.600,0,-28.600,15.860,0,-28.100,15.830,0,-27.300,14.690,0,-26.700,14.690,0,-25.600,15.210,0,-24.700,15.670,24,-21.800,15.810,0,-14.100,19.290,0,-11.300,19.480,0,-6.500,21.900,3,-4.900,22.540,0,-4.200,22.710,0,-2.800,22.730,0,-1.600,22.690,0,-0.800,22.680,3,-0.200,22.430,2,0.000,22.380,1,0.000,22.513,0,0.300,22.250,0,1.000,22.080,0,7.700,18.680,0,13.100,18.430,24,27.200,12.840,0,32.900,12.800,0,36.400,12.510,13,45.100,12.490,2,51.880,9.320,12,51.880,9.524,0,52.880,9.260,11,53.480,8.890,0,53.480,8.540,0,53.880,8.440,16,53.880,8.230,11,53.880,8.160,10,55.980,8.160,0,55.980,7.690,0,57.680,7.710,10,59.180,7.720,0,59.180,8.120,11,61.280,8.110,16,61.280,8.230,0,61.280,8.360,0,61.780,8.640,11,61.780,8.910,0,62.380,9.480,0,63.980,9.550,13,70.680,12.470,2,71.120,12.520,12,71.120,12.662,0,73.790,12.500,0,83.790,12.600,0,93.490,12.580,0,103.490,12.560,0,107.790,12.820,0,116.790,12.910,0,126.190,12.850,0,134.090,13.070,0,137.790,13.310,0,146.790,13.220,0,156.090,13.300,0,160.490,13.080,25,162.790,13.210,0,176.090,18.400,0,181.190,18.760,3,188.590,22.260,0,188.990,22.290,0,189.790,22.590,0,191.590,22.570,0,192.790,22.590,0,193.390,22.560,0,193.590,22.420,3,194.290,22.380,25,199.690,19.840,0,205.490,19.820,2,213.790,19.810,18,213.790,19.949,28,223.790,19.780,28,228.590,19.810,0,230.390,20.140,0,231.590,20.190,0,231.790,19.510,0,232.390,19.490,0,232.690,20.190,0,239.790,20.460
1.200,204.000,22.538,22.554,10.756,12.848,98,18.110,18.010,19.840,20.360,0,20041102
28,-57.300,18.010,0,-55.500,18.260,0,-48.900,18.390,0,-47.500,18.350,0,-41.000,18.360,0,-39.500,18.330,0,-33.700,18.230,0,-25.500,18.110,0,-20.200,17.950,0,-19.700,17.720,0,-19.200,17.720,0,-18.800,17.970,24,-17.000,18.110,0,-13.800,19.440,0,-10.500,19.560,0,-5.000,22.260,3,-4.900,22.420,0,-4.000,22.600,0,-2.500,22.630,0,-1.400,22.640,3,-0.800,22.650,2,0.000,22.450,1,0.000,22.538,0,0.600,22.200,0,9.100,18.310,0,16.000,17.800,0,24.400,17.080,0,32.000,16.080,24,40.800,12.860,0,48.000,12.610,13,60.400,12.620,2,64.740,10.570,12,64.740,10.756,0,66.640,9.730,0,68.040,9.700,11,68.740,9.120,0,68.840,8.800,0,69.140,8.610,16,69.140,8.470,0,69.140,8.190,10,69.740,8.350,10,71.440,8.350,0,71.440,7.770,0,72.940,7.790,0,74.140,7.850,0,74.440,8.030,10,74.440,8.280,0,74.840,8.290,0,75.940,8.360,0,76.540,8.350,16,76.540,8.470,11,76.540,8.630,0,76.940,8.750,11,76.940,9.110,0,77.440,9.390,0,79.040,9.770,13,85.840,12.640,2,86.460,12.680,12,86.460,12.848,0,93.160,12.750,0,102.460,12.890,0,104.960,13.090,0,114.960,12.970,0,118.160,12.720,0,128.160,12.900,0,137.460,12.660,0,146.160,12.180,0,153.860,12.270,0,156.560,12.300,25,161.160,12.440,0,175.560,18.420,0,181.160,18.830,0,187.760,22.080,0,188.560,22.330,2,189.160,22.480,18,189.160,22.554,3,189.360,22.520,0,189.660,22.650,0,191.560,22.680,0,193.260,22.680,3,194.060,22.480,0,194.460,22.270,0,194.860,22.120,0,195.060,22.070,25,199.560,19.840,0,205.960,19.990,0,210.260,20.150,0,220.160,19.980,0,230.160,19.870,0,232.460,20.030,0,234.260,20.280,0,235.460,20.310,0,235.760,19.410,0,236.660,19.420,0,236.960,20.310,28,244.160,20.370,0,249.160,20.370,28,254.160,20.350
1.400,203.000,22.520,22.398,10.455,11.527,92,17.790,17.870,20.170,20.340,0,20041102
28,-50.000,17.860,0,-43.000,17.870,28,-33.400,17.880,0,-31.800,18.320,0,-30.100,18.450,0,-22.600,18.480,0,-21.000,18.380,0,-19.600,16.770,0,-18.800,16.860,0,-18.200,17.650,24,-17.300,17.790,0,-14.000,19.370,0,-10.700,19.530,0,-5.000,22.160,3,-4.400,22.280,0,-3.900,22.440,0,-2.300,22.490,0,-0.500,22.540,3,0.001,22.430,2,0.000,22.430,1,0.000,22.520,0,9.800,18.060,0,17.100,18.020,0,20.700,18.010,24,26.000,17.170,0,36.000,17.030,0,46.000,16.930,0,55.000,16.790,0,58.200,16.730,0,63.300,16.400,0,68.500,16.340,0,75.700,15.620,0,82.900,12.510,13,87.200,12.270,2,92.940,10.210,12,92.940,10.455,0,93.440,10.090,16,96.140,8.720,0,96.140,8.470,0,97.840,8.420,0,98.640,8.320,0,100.140,8.290,0,101.740,8.380,0,103.140,8.400,0,104.040,8.590,16,104.740,8.720,0,105.740,9.750,0,106.740,10.360,2,109.400,11.390,12,109.400,11.527,13,111.640,12.230,0,120.340,12.340,0,121.640,12.510,0,128.440,12.550,0,138.440,12.570,0,148.440,12.470,0,158.140,12.490,0,162.440,12.560,0,172.440,12.920,0,181.740,13.300,0,184.940,13.360,25,189.540,13.600,0,201.440,18.390,0,206.340,18.620,0,212.940,21.780,0,213.440,21.930,2,214.440,22.320,18,214.440,22.398,3,214.740,22.390,0,214.940,22.410,0,215.140,22.470,0,216.740,22.500,0,218.840,22.460,3,219.240,22.340,0,220.040,21.990,0,220.340,21.930,25,223.940,20.170,28,223.941,20.170,0,229.440,20.270,0,239.440,20.390,28,248.640,20.460,0,248.890,20.290,0,249.890,20.200,0,250.240,19.210,0,251.040,19.190,0,251.340,20.190,0,253.440,20.430,0,258.440,23.510,0,260.540,23.480,0,268.440,21.200,0,273.440,21.190,0,279.440,23.300
1.600,200.000,22.058,22.785,12.759,11.958,94,17.870,17.800,15.210,13.010,0,20041102
28,-54.000,17.810,0,-44.000,17.800,28,-34.100,17.800,0,-33.500,18.150,0,-33.000,18.110,0,-31.800,16.750,0,-30.600,16.750,0,-29.200,17.900,0,-24.000,17.960,24,-19.700,17.870,0,-15.200,19.400,0,-11.100,19.490,0,-7.000,21.820,0,-6.100,22.020,3,-5.400,22.140,0,-5.100,22.250,0,-4.500,22.290,0,-3.300,22.310,0,-1.900,22.290,0,-1.400,22.270,3,-1.100,22.110,2,0.000,21.940,1,0.000,22.058,0,8.200,18.130,0,14.200,17.870,24,24.700,14.120,0,26.100,13.950,0,32.300,13.570,0,40.400,13.460,0,42.000,13.540,0,46.400,12.720,2,49.530,12.590,12,49.530,12.759,13,50.530,12.510,16,52.330,9.690,0,52.330,9.420,0,53.830,8.930,0,54.730,8.850,0,56.330,9.110,0,57.730,9.540,0,60.330,9.670,0,61.230,9.630,0,62.630,9.610,0,63.030,9.440,16,63.430,9.690,0,63.830,10.040,0,65.530,10.880,0,67.530,11.760,2,68.000,11.820,12,68.000,11.958,0,68.260,11.910,13,71.960,13.120,0,81.960,13.280,0,91.060,13.300,0,96.960,13.490,0,106.960,13.610,0,113.960,13.640,0,123.660,13.680,0,128.960,13.450,0,138.160,13.510,10,139.610,13.540,25,145.760,13.610,0,157.860,18.470,0,163.410,18.820,10,166.060,20.160,0,170.460,22.210,0,171.060,22.330,2,171.960,22.620,18,171.960,22.785,3,172.160,22.690,0,172.860,22.740,0,173.260,22.880,0,174.760,22.910,0,175.960,22.880,0,176.760,22.780,3,178.060,22.540,0,179.460,22.170,0,183.960,19.890,0,187.460,19.660,0,193.360,17.420,0,196.660,17.160,25,201.860,15.210,0,205.460,15.180,0,206.460,14.570,0,206.460,15.230,0,206.810,15.230,0,206.810,12.970,0,214.460,12.800,0,215.560,12.340,0,216.060,11.590,0,225.660,11.660,0,227.360,13.120,0,231.960,13.130,28,235.960,13.010
1.651,51.000,22.107,22.613,13.843,13.872,96,17.370,18.080,13.610,13.000,2,20041102
28,-53.300,18.080,0,-44.000,17.870,0,-34.700,17.930,0,-31.300,17.900,0,-30.200,17.400,0,-29.600,17.320,0,-29.200,16.980,5,-28.500,16.930,0,-28.500,16.350,0,-27.900,16.370,5,-27.900,17.070,0,-27.600,17.100,0,-27.600,16.920,24,-20.800,17.370,0,-14.600,19.600,0,-11.600,19.780,3,-6.000,22.000,0,-4.900,22.090,0,-4.300,22.250,0,-2.700,22.270,0,-1.000,22.220,0,-0.500,22.060,2,0.000,21.980,1,0.000,22.107,3,0.300,21.870,0,0.600,21.700,0,1.200,21.570,10,6.400,19.370,0,7.900,18.730,0,13.500,18.430,24,24.150,13.780,10,24.150,13.780,0,24.900,13.700,0,32.200,13.650,0,40.200,13.650,2,45.630,13.570,12,45.630,13.843,0,46.330,13.380,0,46.980,13.280,13,47.230,13.190,16,47.230,10.190,0,47.230,10.110,0,50.630,10.110,0,55.630,10.120,0,60.630,10.130,0,65.630,10.130,0,67.030,10.090,16,67.030,10.190,13,67.030,13.200,0,67.330,13.240,2,68.420,13.650,12,68.420,13.872,0,74.590,13.590,0,84.590,13.720,0,94.590,13.750,0,104.590,13.730,0,114.590,13.790,0,124.590,14.010,0,134.590,14.070,0,144.590,13.850,10,146.790,13.690,25,154.890,13.710,0,167.490,18.590,0,172.990,18.860,10,175.990,20.260,0,176.490,20.340,0,180.090,22.040,0,180.390,22.080,0,180.990,22.290,2,181.590,22.560,18,181.590,22.613,3,181.990,22.710,0,182.290,22.740,0,183.890,22.740,0,185.290,22.740,3,185.490,22.730,0,186.790,22.210,0,186.990,22.120,0,187.590,22.030,0,191.990,19.690,0,195.490,19.490,0,201.390,17.230,0,205.190,17.020,0,211.390,14.700,0,216.190,14.440,25,218.890,13.610,0,221.790,13.250,0,225.290,13.110,0,231.290,12.830,0,232.890,12.760,0,234.390,11.970,0,234.390,11.350,0,235.290,11.350,0,235.490,12.360,0,236.590,12.810,28,241.590,13.000
高島用水堰（下流）,0.000,0.000,0.000,0.000,0.000
1.656,5.000,22.039,22.624,14.059,14.058,94,17.360,17.980,13.370,12.940,2,20041102
28,-55.000,17.980,0,-45.000,17.800,0,-35.000,17.960,0,-32.500,18.050,0,-30.700,17.450,0,-30.200,17.360,0,-29.600,17.010,5,-28.900,16.930,0,-28.900,16.370,0,-28.300,16.480,5,-28.300,17.100,0,-28.000,17.120,0,-28.000,17.020,24,-21.400,17.360,0,-14.900,19.590,0,-12.100,19.720,0,-6.200,21.900,3,-5.700,22.030,0,-5.200,22.070,0,-4.500,22.250,0,-3.000,22.280,0,-1.200,22.240,3,-0.200,22.080,2,0.000,21.950,1,0.000,22.039,0,1.000,21.660,10,6.500,19.460,0,8.000,18.860,0,13.700,18.590,24,23.900,13.810,10,23.900,13.810,0,26.000,13.670,0,34.000,13.720,0,41.300,13.790,2,45.630,13.770,12,45.630,14.059,0,46.530,13.600,0,46.630,13.490,13,46.980,13.460,0,47.230,13.200,16,47.230,10.900,0,47.230,10.790,0,50.630,10.790,0,55.630,10.790,0,60.630,10.820,0,65.630,10.830,0,66.930,10.820,16,66.930,10.900,0,66.930,13.220,13,67.230,13.690,2,69.070,13.850,12,69.070,14.058,0,77.460,13.710,0,86.460,13.750,0,96.460,13.770,0,106.460,13.740,0,116.460,13.860,0,126.460,14.020,0,136.460,14.060,0,144.360,13.830,10,147.860,13.720,25,156.160,13.850,0,168.460,18.580,0,174.260,18.860,10,176.960,20.240,0,177.560,20.300,0,180.960,21.970,0,181.860,22.220,2,182.460,22.570,18,182.460,22.624,0,182.560,22.600,3,183.060,22.740,0,183.560,22.760,0,184.960,22.770,0,186.260,22.740,3,186.760,22.690,0,187.460,22.330,0,188.160,22.070,0,188.560,21.980,0,193.160,19.650,0,196.460,19.520,0,202.560,17.270,0,206.160,17.050,0,212.460,14.720,0,217.760,14.230,25,220.960,13.370,0,228.460,12.900,0,232.560,12.870,0,233.960,12.750,0,234.560,12.190,0,235.260,11.400,0,236.460,11.680,0,237.960,12.830,28,242.460,12.940
高島用水堰（上流）,0.680,10.790,4.000,0.000,-1.000
1.800,143.000,22.382,22.539,13.906,13.548,117,19.660,    ,12.590,12.780,0,20041102
0,-55.000,18.700,0,-46.000,18.750,0,-45.300,18.790,4,-40.800,21.540,0,-40.200,21.620,14,-39.800,21.570,0,-36.400,21.640,14,-32.800,21.620,0,-32.600,21.640,4,-31.900,21.540,0,-29.800,20.160,0,-27.900,19.530,0,-24.700,19.480,24,-19.500,19.660,0,-10.800,21.930,0,-9.900,22.040,3,-9.000,22.210,0,-8.200,22.260,0,-8.000,22.340,0,-7.200,22.410,0,-4.700,22.420,0,-2.500,22.460,0,-1.800,22.440,3,-1.400,22.330,2,0.000,22.300,1,0.000,22.382,0,0.600,22.090,0,1.500,21.970,0,16.200,17.580,0,24.200,17.520,0,33.700,17.450,24,44.000,14.640,0,50.000,14.430,0,58.600,14.340,0,66.200,14.350,0,70.200,13.410,0,72.400,13.300,10,73.000,12.040,0,74.600,11.360,0,80.000,11.300,0,84.950,11.360,10,86.300,11.870,0,87.800,13.140,0,89.100,13.360,0,93.200,14.400,0,100.000,14.230,0,110.000,14.330,0,120.000,14.220,0,128.400,14.000,2,130.130,13.740,12,130.130,13.906,13,131.530,13.290,0,133.330,11.540,16,135.230,11.040,10,135.830,10.930,0,137.430,10.890,10,137.830,10.510,0,139.030,10.270,0,139.830,10.190,0,142.530,10.160,0,143.630,10.360,16,144.430,11.040,0,144.930,11.870,0,148.230,12.550,13,148.730,13.420,2,149.820,13.450,12,149.820,13.548,0,159.460,13.240,0,169.460,13.230,0,179.460,13.340,0,189.460,13.510,0,199.460,13.420,0,209.460,13.530,0,219.460,13.390,0,228.460,13.260,0,238.060,13.230,0,241.860,13.530,0,247.360,13.540,0,252.460,13.330,0,262.060,13.120,0,266.360,13.810,0,268.160,13.690,0,269.460,13.280,25,271.860,13.340,0,275.560,14.090,0,281.060,17.460,0,284.260,17.570,0,286.260,18.450,0,291.960,18.810,3,299.160,22.320,2,299.460,22.380,18,299.460,22.539,0,299.760,22.450,0,300.060,22.530,0,300.560,22.660,0,302.160,22.640,0,303.660,22.620,0,303.960,22.590,3,304.560,22.340,0,304.860,22.240,0,305.560,22.040,0,306.060,21.980,0,310.660,19.640,0,313.860,19.440,0,319.460,17.210,0,323.160,17.090,25,334.260,12.590,0,340.160,12.590,0,345.860,12.710,0,346.260,12.650,0,347.360,12.380,0,347.360,11.120,0,348.760,11.140,0,349.860,12.680,0,359.460,13.090,0,361.460,12.560,28,364.460,12.780
2.000,202.000,22.230,22.219,13.726,13.923,98,18.140,17.460,12.680,12.420,0,20041102
28,-60.000,17.460,0,-50.000,17.460,0,-38.000,17.450,28,-29.100,17.470,0,-27.900,17.980,0,-27.300,17.920,0,-26.300,16.730,0,-24.500,16.920,0,-23.300,18.100,0,-21.300,18.320,0,-20.900,18.110,24,-18.100,18.140,0,-14.400,19.360,0,-11.000,19.490,0,-6.300,21.750,0,-5.700,21.890,3,-5.200,22.050,0,-4.600,22.150,0,-4.400,22.260,0,-4.200,22.280,0,-2.600,22.340,0,-0.900,22.250,0,-0.700,22.170,3,0.000,22.110,1,0.000,22.230,2,0.000,22.110,0,7.900,18.620,0,13.400,18.340,24,23.600,14.610,0,30.500,14.040,0,36.000,13.430,0,39.900,13.150,0,48.000,13.020,0,55.000,13.210,0,64.500,13.670,2,65.990,13.640,12,65.990,13.726,13,66.590,13.550,0,66.790,12.730,0,67.690,12.340,0,68.090,11.810,16,68.990,11.270,0,69.590,10.910,0,71.090,11.010,0,73.490,11.060,0,75.690,11.000,0,77.390,10.970,16,77.790,11.270,0,79.390,12.050,13,80.290,13.590,2,80.960,13.790,12,80.960,13.923,0,82.830,13.630,0,91.030,13.480,0,101.030,13.400,0,111.030,13.270,0,115.530,13.360,0,124.030,13.160,0,134.030,13.280,0,144.030,13.570,0,154.030,13.550,0,163.530,13.630,0,167.630,13.130,0,172.030,13.220,0,176.030,12.650,25,179.030,12.540,0,180.630,13.090,0,180.930,13.410,0,183.130,13.770,0,188.030,14.160,0,199.130,18.520,0,203.730,18.680,2,211.030,22.120,18,211.030,22.219,3,211.031,22.120,0,211.430,22.190,0,211.830,22.290,0,212.230,22.380,0,212.530,22.550,0,214.330,22.560,0,215.930,22.540,0,216.330,22.510,0,216.530,22.370,3,217.130,22.270,0,217.830,22.000,0,218.230,21.900,0,222.930,19.690,0,226.130,19.490,0,231.930,17.280,0,235.330,17.040,0,236.330,16.670,0,240.530,16.510,0,242.330,16.180,25,248.230,12.680,28,251.430,12.420,0,252.630,11.960,0,254.530,11.370,0,256.030,11.190
2.200,199.000,22.041,22.573,13.159,14.208,97,18.170,18.780,17.730,14.040,0,20041102
28,-63.000,18.800,0,-61.000,18.760,28,-59.000,18.810,0,-55.900,18.070,0,-55.000,17.420,0,-53.900,17.420,0,-52.800,18.000,0,-45.000,18.150,0,-38.700,18.170,0,-36.600,18.710,0,-32.900,18.420,0,-27.800,18.280,0,-26.000,16.730,0,-24.600,16.730,0,-23.200,18.030,24,-19.100,18.170,0,-15.200,19.350,0,-11.800,19.430,0,-7.000,21.790,0,-6.600,21.870,3,-6.100,22.070,0,-5.600,22.170,0,-5.400,22.270,0,-3.800,22.350,0,-2.100,22.290,0,-1.500,22.170,3,-0.800,22.120,2,0.000,21.920,1,0.000,22.041,0,6.900,18.720,0,12.500,18.400,24,25.000,13.890,0,32.500,13.780,0,41.000,13.860,0,50.000,14.030,0,55.900,13.900,0,57.600,13.500,0,60.000,13.480,2,61.960,13.070,12,61.960,13.159,13,62.760,12.750,16,63.560,11.370,0,63.860,11.230,0,66.360,11.250,0,69.960,11.250,0,73.760,11.140,0,74.560,10.950,0,74.960,10.950,0,75.360,11.180,0,75.860,11.180,16,76.360,11.370,0,76.960,11.840,13,78.260,13.850,2,79.400,14.070,12,79.400,14.208,0,84.440,14.070,0,93.540,14.080,0,96.440,13.740,0,104.440,13.500,0,112.440,13.320,0,122.440,13.300,0,132.440,13.210,0,141.740,12.970,0,148.440,13.100,25,151.940,13.540,0,155.240,14.280,0,161.940,17.650,0,163.140,17.960,0,164.240,18.050,0,165.640,18.530,0,169.740,18.640,0,172.840,20.100,0,173.940,20.340,0,177.440,22.090,2,178.440,22.430,18,178.440,22.573,3,178.440,22.430,0,179.240,22.530,0,179.540,22.600,0,181.340,22.590,0,182.840,22.560,3,183.240,22.480,0,184.240,22.150,0,184.640,22.050,0,189.440,19.730,0,192.440,19.590,25,197.140,17.730,0,201.540,17.850,0,206.040,17.720,0,207.540,16.310,0,208.040,16.300,0,209.440,17.720,0,210.140,17.830,0,214.840,17.760,0,219.440,14.300,28,228.440,14.090,28,238.440,13.980
2.400,194.000,21.857,22.361,14.689,13.134,93,17.310,17.450,17.360,17.270,0,20041102
28,-55.000,17.450,0,-45.000,17.450,0,-35.000,17.440,28,-29.500,17.470,0,-29.000,17.730,0,-28.600,17.700,0,-27.000,16.490,0,-25.400,16.530,0,-23.900,17.440,24,-20.000,17.310,0,-14.900,19.130,0,-11.900,19.260,0,-7.200,21.590,0,-6.800,21.640,3,-6.400,21.780,0,-5.300,22.040,0,-4.900,22.100,0,-3.400,22.140,0,-1.600,22.090,0,-1.300,22.000,0,-0.500,21.770,3,0.000,21.730,2,0.000,21.730,1,0.000,21.857,0,8.100,18.390,0,10.900,18.160,0,13.400,17.110,0,19.000,16.860,24,28.400,13.940,0,30.800,13.670,0,39.400,13.560,0,43.200,13.820,0,50.000,13.960,0,60.000,14.180,2,69.960,14.570,12,69.960,14.689,13,70.360,14.510,0,71.560,13.170,0,72.660,12.470,16,74.660,11.570,0,75.160,11.070,0,76.360,10.940,0,78.560,11.210,0,81.960,11.380,0,84.560,11.310,16,84.960,11.570,0,85.060,11.910,0,85.760,12.690,2,86.970,13.010,12,86.970,13.134,0,87.510,13.190,13,88.610,13.650,0,89.010,13.670,0,91.410,14.190,0,93.410,14.320,0,96.710,14.060,0,98.810,14.250,0,104.910,13.970,0,114.410,13.800,0,123.610,13.590,0,126.810,13.350,0,132.310,13.370,25,138.310,13.620,0,141.410,14.570,0,145.310,16.290,0,150.910,16.780,0,154.710,16.810,0,158.610,18.360,0,164.310,18.540,0,170.910,21.960,0,171.510,22.100,3,171.710,22.220,2,171.910,22.270,18,171.910,22.361,0,172.410,22.320,0,172.810,22.550,0,173.510,22.560,0,174.810,22.540,0,176.110,22.500,3,176.310,22.490,0,177.510,22.050,0,178.010,21.920,0,182.810,19.590,0,186.110,19.420,25,191.510,17.360,0,198.410,17.250,0,199.210,16.500,0,199.910,16.500,0,200.610,17.290,0,204.510,17.340,28,217.110,17.250,0,218.910,17.270,28,226.910,17.270
2.600,204.000,21.728,22.441,14.175,14.232,99,17.220,17.580,17.050,16.960,0,20041102
28,-52.000,17.580,28,-47.100,17.580,0,-46.900,17.810,0,-46.200,17.770,0,-45.700,17.020,0,-45.000,17.030,0,-44.600,17.430,0,-44.100,17.600,4,-43.000,18.080,14,-41.800,18.140,0,-38.500,18.230,14,-35.100,18.220,4,-34.500,18.220,0,-33.200,17.650,0,-32.500,17.450,0,-32.000,17.200,0,-31.300,17.190,0,-30.200,17.850,0,-27.300,17.890,0,-25.500,16.100,0,-24.800,15.990,0,-23.100,17.190,24,-20.800,17.220,0,-12.000,20.880,4,-11.200,20.910,4,-8.200,20.930,0,-7.000,21.410,3,-5.200,21.800,0,-4.700,21.890,0,-3.500,21.890,0,-1.700,21.880,0,-1.200,21.770,2,0.000,21.620,3,0.000,21.620,1,0.000,21.728,4,1.400,21.230,4,5.300,21.160,0,14.200,17.200,0,19.400,17.070,24,27.800,14.390,0,35.000,14.240,0,41.300,14.390,0,50.000,14.200,0,60.000,14.050,0,70.000,13.960,0,80.000,13.970,0,87.800,13.960,2,90.580,14.030,12,90.580,14.175,13,91.180,13.990,0,91.880,13.160,0,93.380,12.690,16,95.080,11.950,0,95.880,11.660,0,96.780,11.550,0,98.480,11.810,0,100.880,11.850,0,103.080,11.730,0,105.080,11.640,16,105.580,11.950,0,106.580,12.660,13,106.780,13.840,12,107.270,14.232,2,107.270,14.050,0,109.550,13.940,0,118.750,13.430,0,122.750,13.600,0,128.650,13.590,0,136.950,13.540,25,139.550,13.910,0,143.150,15.130,0,145.950,16.560,0,149.250,16.790,0,153.350,18.450,0,159.050,18.750,0,165.250,22.040,3,165.950,22.240,2,166.250,22.330,18,166.250,22.441,0,166.450,22.330,0,167.050,22.580,0,167.550,22.600,0,168.950,22.580,0,170.450,22.530,0,170.650,22.500,0,171.350,22.180,3,171.550,22.130,0,171.850,22.050,0,172.250,21.980,0,177.050,19.710,0,180.350,19.520,25,186.550,17.050,0,191.950,17.090,0,198.250,16.910,0,198.850,16.680,0,199.250,16.660,28,199.750,16.900,0,209.250,16.950,28,219.250,17.040
2.800,222.000,21.529,22.493,15.282,14.827,101,17.220,17.640,17.220,17.150,0,20041102
28,-55.000,17.650,28,-49.800,17.630,0,-48.000,16.910,0,-47.500,16.920,4,-47.000,17.850,14,-44.600,17.910,0,-41.400,17.980,14,-37.900,17.970,4,-37.000,17.930,0,-35.900,17.370,0,-34.900,17.170,0,-34.600,16.940,0,-34.100,16.920,0,-33.400,17.530,0,-25.400,17.640,0,-24.600,17.050,5,-24.100,17.220,0,-23.700,15.890,0,-21.700,15.900,5,-21.300,17.110,24,-19.700,17.220,0,-14.800,18.910,0,-11.400,18.980,0,-7.100,21.190,3,-5.800,21.440,0,-5.300,21.490,0,-4.800,21.630,0,-4.300,21.660,0,-2.900,21.630,0,-1.300,21.650,0,-0.500,21.480,2,0.000,21.460,1,0.000,21.529,3,0.200,21.370,0,9.200,17.810,0,12.400,17.820,24,18.000,16.400,0,21.500,15.870,0,26.300,15.550,0,27.800,15.230,0,36.000,15.010,0,41.800,14.900,0,50.000,15.070,0,54.000,15.210,0,62.650,15.190,0,67.400,15.150,13,72.100,15.240,2,72.620,15.100,12,72.620,15.282,0,74.420,14.370,0,74.720,13.960,16,77.520,12.240,0,78.120,11.960,0,80.020,12.010,0,82.820,11.940,0,85.720,11.970,0,87.320,11.860,0,88.020,11.930,16,88.720,12.240,0,89.420,12.450,0,90.120,13.900,2,91.630,14.660,12,91.630,14.827,13,92.810,15.220,0,99.510,15.430,0,109.510,15.490,0,119.510,15.260,0,128.910,15.000,0,137.010,14.920,0,144.710,15.400,0,147.710,15.810,0,149.510,16.050,25,154.710,16.200,0,160.310,18.400,0,166.410,18.640,0,172.410,22.010,0,173.010,22.220,3,173.310,22.350,2,173.510,22.410,18,173.510,22.493,0,174.110,22.510,0,174.410,22.780,0,174.910,22.820,0,176.410,22.800,0,177.710,22.800,3,178.310,22.650,0,178.610,22.480,0,178.910,22.230,0,179.410,22.180,0,184.310,19.770,0,187.610,19.570,25,193.810,17.220,4,198.410,17.210,4,200.810,17.210,0,204.910,17.130,0,205.710,16.520,0,206.310,16.520,0,207.010,17.130,0,208.210,17.130,28,218.510,17.200,28,228.510,17.100
3.000,188.000,21.992,22.330,14.079,14.607,89,17.850,17.700,12.690,12.410,0,20041102
28,-62.500,17.690,28,-57.500,17.710,0,-57.000,17.990,0,-56.300,18.020,0,-56.000,17.800,0,-52.000,17.830,0,-43.000,17.830,0,-33.600,17.810,0,-33.100,18.030,0,-32.600,18.000,0,-31.700,17.290,0,-31.400,17.340,0,-30.700,17.740,0,-25.400,17.900,24,-21.700,17.850,0,-16.500,19.220,0,-12.800,19.280,0,-7.400,21.550,3,-6.300,21.760,0,-6.100,21.780,0,-5.300,22.100,0,-3.200,22.150,0,-1.300,22.140,0,-0.500,21.950,2,0.000,21.900,1,0.000,21.992,0,0.400,21.690,3,1.000,21.620,0,4.300,20.340,0,4.500,20.340,4,4.700,20.410,4,8.600,20.410,0,14.300,18.080,0,19.400,17.930,0,24.600,17.820,0,27.800,17.310,24,29.800,16.590,0,37.300,16.230,0,41.300,16.010,0,48.800,15.560,0,50.500,14.910,0,52.200,14.780,2,55.280,13.910,12,55.280,14.079,13,56.080,13.580,10,56.480,12.730,16,56.980,12.500,10,57.930,12.180,0,59.080,12.200,0,60.980,12.080,0,63.980,12.070,10,64.430,12.080,0,64.730,12.070,16,65.780,12.500,10,66.080,12.670,13,67.180,14.000,2,69.260,14.410,12,69.260,14.607,0,73.010,15.220,0,74.310,15.720,0,79.710,15.870,0,82.210,15.970,0,92.210,15.760,0,102.210,15.470,25,107.610,15.540,0,114.810,18.430,0,116.410,18.560,0,121.810,21.780,4,122.810,21.790,4,125.810,21.800,0,126.910,21.780,3,128.010,22.230,2,128.210,22.260,18,128.210,22.330,0,129.110,22.450,0,130.810,22.430,0,132.210,22.360,3,132.910,22.270,0,133.510,22.000,0,134.010,21.890,0,138.710,19.570,0,142.110,19.350,0,148.310,17.070,0,151.410,16.940,25,161.810,12.690,0,168.410,12.520,28,178.110,12.420,0,183.210,12.390,28,188.210,12.450
3.200,223.000,22.391,22.387,14.390,14.208,69,16.170,16.380,16.920,15.910,0,20041102
28,-57.800,16.380,0,-50.000,16.360,0,-42.000,16.380,28,-32.900,16.420,0,-32.700,16.630,0,-31.900,16.610,0,-31.300,15.900,0,-30.900,15.840,0,-29.800,16.220,0,-24.500,16.190,24,-17.900,16.170,0,-6.500,22.010,3,-6.000,22.230,0,-5.300,22.390,0,-4.700,22.650,0,-3.000,22.720,0,-1.100,22.650,0,-0.300,22.270,2,0.000,22.240,1,0.000,22.391,3,0.800,22.060,10,5.000,19.990,0,8.200,18.320,0,11.300,18.330,10,14.800,16.490,0,18.300,16.390,24,20.100,15.230,13,22.800,15.130,10,24.500,14.380,2,25.620,14.100,12,25.620,14.390,0,26.120,13.990,0,26.920,13.640,16,27.420,12.650,10,28.020,12.310,0,30.620,12.280,0,32.720,12.250,10,34.320,12.260,16,34.920,12.650,0,36.020,13.900,2,36.440,14.000,12,36.440,14.208,0,37.900,14.320,13,40.000,15.050,25,41.600,15.040,0,46.200,16.960,0,52.300,17.250,0,61.500,21.920,0,61.900,22.010,3,62.400,22.220,2,62.600,22.260,18,62.600,22.387,0,63.000,22.390,0,63.400,22.390,0,64.900,22.370,0,66.700,22.340,0,67.200,22.140,3,67.500,22.100,0,68.600,21.810,0,74.400,19.490,0,76.300,19.400,25,83.100,16.920,0,88.800,16.900,0,89.700,16.960,0,92.000,17.070,0,97.200,17.070,0,106.400,15.990,28,109.700,15.890,28,117.600,15.920
3.400,200.000,22.380,22.346,15.686,14.620,67,18.890,18.560,17.170,16.960,0,20041102
0,-53.000,19.010,28,-46.000,18.600,0,-40.000,18.520,28,-28.000,18.610,24,-21.300,18.890,0,-19.700,19.310,0,-16.200,19.590,0,-12.800,21.170,0,-11.500,21.450,0,-7.000,21.860,3,-5.900,22.220,0,-5.400,22.230,0,-5.100,22.320,0,-4.600,22.370,0,-2.800,22.370,0,-1.400,22.370,0,-0.800,22.360,2,0.000,22.270,1,0.000,22.380,3,0.900,22.030,0,12.300,17.250,0,17.200,17.060,24,18.600,16.610,0,22.500,16.400,0,25.400,15.690,2,26.850,15.570,12,26.850,15.686,13,27.350,15.460,0,30.350,13.410,16,30.450,13.050,0,30.450,12.850,0,32.450,12.800,0,33.750,12.870,0,34.750,12.850,0,35.550,12.780,0,37.350,12.760,0,38.150,12.910,0,39.350,12.850,16,39.750,13.050,0,40.650,14.390,2,41.580,14.450,12,41.580,14.620,0,42.590,14.770,13,44.890,15.840,25,48.490,16.030,0,58.590,20.370,2,61.590,22.220,18,61.590,22.346,3,61.590,22.220,0,62.390,22.290,0,64.590,22.270,0,66.090,22.180,3,67.790,22.020,0,68.590,21.890,0,73.190,19.560,0,76.490,19.390,25,82.090,17.170,0,87.790,17.000,0,88.090,16.800,0,88.590,16.800,0,89.190,17.000,0,89.790,17.120,28,90.390,16.980,0,100.090,16.960,0,106.590,16.950,0,111.590,16.940,28,121.590,16.980
3.401,1.000,22.348,22.079,15.669,14.691,49,    ,    ,    ,    ,1,20041102
0,-50.000,19.850,0,-40.000,20.400,0,-30.000,21.000,0,-20.000,21.460,0,-10.000,21.790,0,0.000,22.100,1,0.000,22.348,0,2.400,22.230,0,2.400,21.250,0,3.500,21.250,0,3.500,20.610,24,11.600,17.290,0,13.600,17.090,0,17.100,16.960,0,17.800,16.750,0,22.900,16.610,0,26.100,15.660,2,26.860,15.610,12,26.860,15.669,13,27.360,15.510,16,30.360,13.050,0,30.960,12.820,0,32.560,12.840,0,34.460,12.860,0,34.860,12.650,0,38.160,12.850,0,38.660,12.810,0,39.460,12.850,16,39.760,13.050,0,40.960,14.490,2,41.690,14.580,12,41.690,14.691,0,42.920,14.860,13,44.920,15.890,0,48.020,15.960,25,49.220,16.140,0,57.820,19.970,0,57.820,21.240,0,58.920,21.240,0,58.920,22.230,0,59.320,22.230,0,61.120,21.790,0,62.220,21.750,18,62.220,22.079,0,72.220,21.740,0,82.220,21.660,0,92.220,21.500,0,102.220,21.240,0,112.220,20.940
吾妻橋,4.800,2
