0.000,-122.000,10.573,10.315,    ,10.470,-0.350,0.041,20051103
0.070,-130.000,    ,    ,    ,    ,    ,    ,    
0.200,-207.000,10.560,10.550,    ,10.210,-0.060,0.123,20051103
0.400,0.000,5.971,6.216,    ,10.300,-0.310,0.182,20051103
0.600,196.000,6.998,6.081,10.640,10.400,0.520,0.724,20051103
0.800,203.000,5.902,10.495,10.310,9.970,0.150,0.299,20051103
1.000,203.000,6.009,6.023,10.230,10.350,0.470,0.653,20051103
1.200,204.000,5.915,5.864,10.130,10.370,-0.190,0.593,20051103
1.295,115.000,10.439,11.160,    ,    ,-0.090,0.875,20051103
1.400,95.000,10.389,6.167,10.180,10.400,0.370,0.899,20051103
1.600,201.000,10.445,6.395,10.030,10.540,0.210,0.658,20051103
1.800,210.000,10.401,6.563,10.060,10.250,0.580,1.357,20051103
1.915,100.000,10.339,11.261,10.000,11.030,1.170,1.301,20051103
1.920,3.000,10.387,11.266,10.090,10.910,2.110,2.135,20051103
2.000,103.000,6.726,10.437,10.140,10.340,1.050,1.496,20051103
2.200,213.000,10.179,6.166,9.910,10.410,1.290,1.729,20051103
2.400,200.000,10.438,10.222,10.070,10.310,0.390,1.178,20051103
2.600,200.000,10.350,5.696,10.040,10.300,1.620,1.808,20051103
2.800,203.000,10.213,10.335,10.080,10.150,1.660,1.859,20051103
3.000,201.000,7.776,6.223,10.720,10.240,2.120,2.490,20051103
3.200,196.000,10.345,10.410,10.530,9.860,2.270,2.438,20051103
3.400,200.000,6.416,10.108,10.230,10.270,2.060,2.275,20051103
3.600,170.000,6.388,10.380,10.050,10.400,2.010,2.382,20051103
3.800,220.000,7.000,10.331,10.410,10.040,2.790,2.925,20051103
4.000,203.000,7.294,6.675,10.110,9.970,2.710,2.909,20051103
4.200,201.000,6.797,10.274,10.430,9.720,2.880,3.047,20051103
4.400,196.000,7.198,6.829,10.260,10.200,2.730,3.011,20051103
4.600,200.000,7.607,7.466,10.170,10.160,2.460,2.973,20051103
4.800,203.000,7.669,10.337,10.050,9.970,2.960,3.182,20051103
5.000,202.000,7.194,7.213,10.060,10.130,2.930,3.052,20051103
5.200,197.000,6.920,10.351,10.340,10.400,2.800,3.063,20051103
5.400,200.000,7.303,7.192,10.110,10.250,3.460,3.595,20051103
5.600,209.000,7.441,7.555,10.200,9.930,3.000,3.234,20051103
5.800,203.000,7.628,7.745,10.020,10.030,3.100,3.419,20051103
5.990,200.000,10.173,10.158,    ,    ,3.590,3.718,20051103
6.000,8.000,10.314,7.956,9.820,10.200,3.540,3.702,20051103
6.200,195.000,10.314,10.480,9.960,10.160,2.770,3.246,20051103
6.400,200.000,10.316,10.487,10.160,10.050,3.570,3.728,20051103
6.600,195.000,7.496,10.580,10.050,10.360,3.680,3.733,20051103
6.800,200.000,7.522,10.412,10.130,9.980,3.780,3.996,20051103
7.000,195.000,7.943,8.224,10.060,10.070,3.780,3.922,20051103
7.200,200.000,7.788,10.521,10.000,10.180,4.100,4.159,20051103
7.400,202.000,8.138,8.361,10.110,10.220,3.980,4.128,20051103
7.600,197.000,10.385,10.572,10.210,10.280,3.880,4.019,20051103
7.800,202.000,10.608,10.594,10.090,10.350,4.220,4.308,20051103
8.000,199.000,10.478,8.163,10.290,10.320,3.850,4.006,20051103
8.200,203.000,10.373,10.633,10.170,10.290,4.230,4.403,20051103
8.400,198.000,10.488,8.803,10.220,10.660,4.230,4.304,20051103
8.504,107.000,12.330,12.428,    ,    ,4.570,4.652,20051103
8.600,94.000,10.332,8.784,10.570,10.270,4.360,4.473,20051103
8.800,203.000,9.631,11.727,    ,11.490,4.320,4.490,20051103
9.000,198.000,10.198,11.808,    ,11.420,4.150,4.306,20051103
9.200,202.000,9.837,12.152,    ,12.060,4.450,4.566,20051103
9.400,202.000,9.928,12.373,    ,11.820,4.370,4.477,20051103
9.600,199.000,9.928,12.280,    ,11.460,4.340,4.476,20051103
9.800,201.000,12.126,12.681,11.920,11.930,4.690,4.757,20051103
10.000,208.000,12.213,12.274,11.980,12.010,4.510,4.775,20051103
10.200,204.000,12.285,12.271,12.080,12.030,4.740,4.819,20051103
10.281,75.000,11.910,11.977,    ,    ,4.980,5.028,20051103
10.400,127.000,12.092,11.467,11.820,11.200,4.950,5.012,20051103
10.600,203.000,12.320,10.408,12.070,11.950,4.910,4.993,20051103
10.800,203.000,12.330,10.348,12.160,    ,4.820,4.940,20051103
11.000,201.000,12.812,10.349,12.580,    ,4.850,5.007,20051103
11.200,185.000,12.975,10.021,12.080,    ,5.050,5.115,20051103
11.400,148.000,13.144,10.832,12.830,    ,4.940,5.114,20051103
11.600,197.000,10.536,10.864,    ,    ,5.070,5.248,20051103
11.800,195.000,10.167,10.962,    ,    ,5.010,5.199,20051103
12.000,180.000,11.871,11.315,    ,    ,5.350,5.420,20051103
12.041,48.000,12.855,13.238,    ,    ,5.470,5.530,20051103
12.200,152.000,10.586,13.355,    ,12.530,5.460,5.569,20051103
12.400,201.000,11.062,13.587,    ,13.020,5.500,5.639,20051103
12.600,198.000,11.401,11.395,    ,    ,5.590,5.725,20051103
12.800,200.000,11.205,11.195,    ,    ,5.730,5.872,20051103
13.000,184.000,11.905,11.372,    ,    ,5.570,5.854,20051103
13.200,165.000,11.278,11.612,    ,    ,5.940,6.072,20051103
13.400,200.000,11.730,11.237,    ,    ,5.910,6.135,20051103
13.600,201.000,12.160,11.581,    ,    ,6.080,6.282,20051103
13.800,202.000,12.301,11.836,    ,    ,6.190,6.378,20051103
14.000,203.000,12.224,11.719,    ,    ,6.280,6.384,20051103
14.039,45.000,14.544,14.496,    ,    ,6.370,6.484,20051103
14.200,142.000,12.027,11.752,    ,    ,6.610,6.740,20051103
14.400,200.000,12.248,12.017,    ,    ,6.550,6.685,20051103
14.600,195.000,12.795,13.176,    ,    ,6.630,6.933,20051103
14.800,198.000,12.891,13.140,    ,    ,7.290,7.398,20051103
15.000,198.000,13.916,13.400,    ,    ,7.260,7.448,20051103
15.200,198.000,15.426,13.499,14.990,    ,7.190,7.327,20051103
15.400,186.000,15.205,13.352,15.080,    ,7.460,7.660,20051103
15.600,198.000,14.670,13.814,    ,    ,7.430,7.691,20051103
15.800,201.000,13.891,14.192,    ,    ,7.380,7.782,20051103
16.000,201.000,15.257,14.484,    ,    ,7.910,8.095,20051103
16.200,195.000,14.772,15.316,    ,    ,8.400,8.658,20051103
16.350,150.000,12.082,12.590,    ,    ,8.370,8.667,20051103
16.400,47.000,12.400,15.648,    ,    ,9.230,9.400,20051103
16.600,198.000,14.930,16.388,    ,    ,7.590,8.060,20051103
16.800,202.000,15.705,16.807,    ,    ,7.380,8.057,20051103
17.000,199.000,16.746,17.763,    ,    ,8.170,9.093,20051103
17.200,203.000,16.767,16.462,    ,    ,7.860,8.169,20051103
17.400,204.000,16.658,16.548,    ,    ,7.930,8.345,20051103
17.600,200.000,16.478,16.751,    ,    ,8.270,8.992,20051103
17.800,186.000,16.302,13.948,    ,    ,8.980,9.316,20051103
18.000,193.000,17.277,15.016,    ,    ,8.750,9.195,20051103
18.200,200.000,15.174,16.478,    ,    ,8.850,9.649,20051103
18.290,131.000,13.493,13.639,    ,    ,9.940,9.735,20051103
