    1   0.17284000E+00
    2   0.13684800E+01
    3   0.15544100E+01
    4   0.16308000E+01
    5   0.16845200E+01
    6   0.17220900E+01
    7   0.17492400E+01
    8   0.17688800E+01
    9   0.17859000E+01
   10   0.17993600E+01
   11   0.18097100E+01
   12   0.18178300E+01
   13   0.18247000E+01
   14   0.18304500E+01
   15   0.18336000E+01
   16   0.18366300E+01
   17   0.18355700E+01
   18   0.18262100E+01
   19   0.18354800E+01
   20   0.18324600E+01
   21   0.18345500E+01
   22   0.18369000E+01
   23   0.18452600E+01
   24   0.18477300E+01
   25   0.18415400E+01
   26   0.18415400E+01
   27   0.18467300E+01
   28   0.18460600E+01
   29   0.18447400E+01
   30   0.18478400E+01
   31   0.18493800E+01
   32   0.18488800E+01
   33   0.18516200E+01
   34   0.18489800E+01
   35   0.18506300E+01
   36   0.18478500E+01
   37   0.18510700E+01
   38   0.18497300E+01
   39   0.18545500E+01
   40   0.18532100E+01
   41   0.18544400E+01
   42   0.18517400E+01
   43   0.18538800E+01
   44   0.18517200E+01
   45   0.18549000E+01
   46   0.18527400E+01
   47   0.18520900E+01
   48   0.18536400E+01
   49   0.18520700E+01
   50   0.18525200E+01
   51   0.18519000E+01
   52   0.18510400E+01
   53   0.18556500E+01
   54   0.18518100E+01
   55   0.18536300E+01
   56   0.18514800E+01
   57   0.18522000E+01
   58   0.18552700E+01
   59   0.18544400E+01
   60   0.18579700E+01
   61   0.18579000E+01
   62   0.18563800E+01
   63   0.18569700E+01
   64   0.18540600E+01
   65   0.18535300E+01
   66   0.18559800E+01
   67   0.18531700E+01
   68   0.18571900E+01
   69   0.18569400E+01
   70   0.18556800E+01
   71   0.18545500E+01
   72   0.18560900E+01
