     3600.00       0.00012
     7200.00       0.00185
    10800.00       0.00734
    14400.00       0.01684
    18000.00       0.02901
    21600.00       0.04210
    25200.00       0.05471
    28800.00       0.06607
    32400.00       0.07591
    36000.00       0.08430
    39600.00       0.09149
    43200.00       0.09776
    46800.00       0.10337
    50400.00       0.10856
    54000.00       0.11352
    57600.00       0.11840
    61200.00       0.12331
    64800.00       0.12834
    68400.00       0.13358
    72000.00       0.13906
    75600.00       0.14484
    79200.00       0.15096
    82800.00       0.15745
    86400.00       0.16433
    90000.00       0.20067
    93600.00       0.27787
    97200.00       0.37742
   100800.00       0.51458
   104400.00       0.68215
   108000.00       0.89361
   111600.00       1.20355
   115200.00       1.85904
   118800.00       3.53762
   122400.00       7.37182
   126000.00      15.43039
   129600.00      29.18384
   133200.00      45.81162
   136800.00      62.97640
   140400.00      93.11323
   144000.00     205.90335
   147600.00     385.62135
   151200.00     547.76868
   154800.00     669.19593
   158400.00     757.66563
   162000.00     834.44286
   165600.00     918.50265
   169200.00    1005.46803
   172800.00    1079.45509
   176400.00    1135.06200
   180000.00    1175.74225
   183600.00    1205.48167
   187200.00    1230.95633
   190800.00    1251.07955
   194400.00    1268.53953
   198000.00    1282.22546
   201600.00    1294.72662
   205200.00    1307.42306
   208800.00    1319.76848
   212400.00    1332.50089
   216000.00    1344.33798
   219600.00    1356.15014
   223200.00    1367.65771
   226800.00    1376.53313
   230400.00    1384.31617
   234000.00    1392.67362
   237600.00    1401.65826
   241200.00    1410.93026
   244800.00    1420.10106
   248400.00    1429.10998
   252000.00    1438.20900
   255600.00    1446.71395
   259200.00    1455.00205
   262800.00    1462.25932
   266400.00    1468.96927
   270000.00    1475.87285
   273600.00    1483.17663
   277200.00    1490.70432
   280800.00    1498.40881
   284400.00    1506.23989
   288000.00    1514.23347
   291600.00    1522.35723
   295200.00    1530.60112
   298800.00    1539.91069
   302400.00    1548.92253
   306000.00    1557.78629
   309600.00    1566.47333
   313200.00    1574.92310
   316800.00    1583.17446
   320400.00    1591.28269
   324000.00    1599.63410
   327600.00    1608.24396
   331200.00    1617.06761
   334800.00    1626.08772
   338400.00    1635.28884
   342000.00    1644.47456
   345600.00    1653.55450
   349200.00    1662.69005
   352800.00    1672.48074
   356400.00    1682.21646
   360000.00    1692.05669
   363600.00    1701.55206
   367200.00    1710.57222
   370800.00    1719.13049
   374400.00    1727.68147
   378000.00    1736.48694
   381600.00    1745.30827
   385200.00    1754.28730
   388800.00    1763.32024
   392400.00    1772.30693
   396000.00    1781.19621
   399600.00    1790.16665
   403200.00    1799.29323
   406800.00    1808.44951
   410400.00    1817.58086
   414000.00    1826.84420
   417600.00    1836.08245
   421200.00    1845.18184
   424800.00    1853.60176
   428400.00    1862.22357
   432000.00    1871.54780
   435600.00    1880.50506
   439200.00    1889.69369
   442800.00    1899.06528
   446400.00    1908.64306
   450000.00    1917.93726
   453600.00    1926.95800
   457200.00    1935.94628
   460800.00    1944.23831
   464400.00    1952.44499
   468000.00    1960.39525
   471600.00    1968.00578
   475200.00    1975.32685
   478800.00    1982.39500
   482400.00    1989.18676
   486000.00    1995.76104
   489600.00    2002.14633
   493200.00    2008.33276
   496800.00    2014.31712
   500400.00    2020.09631
   504000.00    2025.67639
   507600.00    2031.05644
   511200.00    2036.22774
   514800.00    2041.19532
   518400.00    2045.95416
   522000.00    2050.45499
   525600.00    2054.77399
   529200.00    2058.92289
   532800.00    2062.89753
   536400.00    2066.68503
   540000.00    2070.27981
   543600.00    2073.76819
   547200.00    2077.11850
   550800.00    2080.27869
   554400.00    2083.24391
   558000.00    2086.02092
   561600.00    2088.62896
   565200.00    2091.08675
   568800.00    2093.38935
   572400.00    2095.52670
   576000.00    2097.50516
   579600.00    2099.33897
   583200.00    2101.04008
   586800.00    2102.61498
   590400.00    2104.07141
   594000.00    2105.41715
   597600.00    2106.66014
   601200.00    2107.80796
   604800.00    2108.86788
   608400.00    2109.87097
   612000.00    2110.73830
   615600.00    2111.52167
   619200.00    2112.19762
   622800.00    2112.76399
   626400.00    2113.23307
   630000.00    2113.61638
   633600.00    2113.92157
   637200.00    2114.15252
   640800.00    2114.31183
   644400.00    2114.40323
   648000.00    2114.43153
   651600.00    2114.40172
   655200.00    2114.31704
   658800.00    2114.18147
   662400.00    2113.99853
   666000.00    2113.76620
   669600.00    2113.48504
   673200.00    2113.14917
   676800.00    2112.75683
   680400.00    2112.28927
   684000.00    2111.77558
   687600.00    2111.21734
   691200.00    2110.62087
   694800.00    2110.02978
   698400.00    2109.53155
   702000.00    2109.06037
   705600.00    2108.58849
   709200.00    2108.10335
   712800.00    2107.59801
   716400.00    2107.03074
   720000.00    2106.40307
   723600.00    2105.75722
   727200.00    2105.07508
   730800.00    2104.33453
   734400.00    2103.52724
   738000.00    2102.71146
   741600.00    2101.87256
   745200.00    2100.99236
   748800.00    2099.87221
   752400.00    2099.13489
   756000.00    2098.01304
   759600.00    2097.08810
   763200.00    2096.17018
   766800.00    2095.27062
   770400.00    2094.35973
   774000.00    2093.44286
   777600.00    2092.52202
   781200.00    2091.57756
   784800.00    2090.60002
   788400.00    2089.58661
   792000.00    2088.52805
   795600.00    2087.44872
   799200.00    2086.33178
   802800.00    2085.15855
   806400.00    2083.98325
   810000.00    2082.76106
   813600.00    2081.51352
   817200.00    2080.23999
   820800.00    2078.93588
   824400.00    2077.60247
   828000.00    2076.40910
   831600.00    2074.72937
   835200.00    2073.51541
   838800.00    2071.82113
   842400.00    2070.25469
   846000.00    2068.80763
   849600.00    2067.18107
   853200.00    2065.48804
   856800.00    2063.73929
   860400.00    2061.75677
   864000.00    2060.24101
   867600.00    2058.14159
   871200.00    2056.10450
   874800.00    2054.20911
   878400.00    2052.04803
   882000.00    2050.10613
   885600.00    2048.21246
   889200.00    2046.45766
   892800.00    2044.53485
   896400.00    2042.58488
   900000.00    2040.67820
   903600.00    2038.77175
   907200.00    2036.88407
   910800.00    2035.00902
   914400.00    2033.19590
   918000.00    2031.44875
   921600.00    2029.75903
   925200.00    2028.12552
   928800.00    2026.54649
   932400.00    2025.01452
   936000.00    2023.53723
   939600.00    2022.10839
   943200.00    2020.74180
   946800.00    2019.45871
   950400.00    2018.23900
   954000.00    2017.24822
   957600.00    2016.22680
   961200.00    2015.24664
   964800.00    2014.31060
   968400.00    2013.40083
   972000.00    2012.49722
   975600.00    2011.59241
   979200.00    2010.68722
   982800.00    2009.78945
   986400.00    2008.89152
   990000.00    2008.00024
   993600.00    2007.10464
   997200.00    2006.23172
  1000800.00    2005.36078
  1004400.00    2004.51499
  1008000.00    2003.68605
  1011600.00    2002.86534
  1015200.00    2002.04018
  1018800.00    2001.20845
  1022400.00    2000.36199
  1026000.00    1999.51319
  1029600.00    1998.66792
  1033200.00    1997.83146
  1036800.00    1997.00595
  1040400.00    1996.22092
  1044000.00    1995.64689
  1047600.00    1995.14102
  1051200.00    1994.63392
  1054800.00    1994.14645
  1058400.00    1993.66243
  1062000.00    1992.99217
  1065600.00    1992.52181
  1069200.00    1992.03942
  1072800.00    1991.55038
  1076400.00    1991.07338
  1080000.00    1990.61786
  1083600.00    1990.33657
  1087200.00    1989.86026
  1090800.00    1989.37112
  1094400.00    1988.72944
  1098000.00    1988.51988
  1101600.00    1988.09174
  1105200.00    1987.53849
  1108800.00    1987.34086
  1112400.00    1986.61222
  1116000.00    1986.46775
  1119600.00    1985.95868
  1123200.00    1985.59549
  1126800.00    1985.27965
  1130400.00    1985.01364
  1134000.00    1984.75559
  1137600.00    1984.54343
  1141200.00    1984.35865
  1144800.00    1984.24231
  1148400.00    1984.18377
  1152000.00    1984.17070
  1155600.00    1984.18217
  1159200.00    1984.16698
  1162800.00    1984.15479
  1166400.00    1984.30701
  1170000.00    1984.06196
  1173600.00    1984.00947
  1177200.00    1983.90534
  1180800.00    1983.70849
  1184400.00    1983.52656
  1188000.00    1983.21308
  1191600.00    1982.84433
  1195200.00    1982.45641
  1198800.00    1981.98123
  1202400.00    1981.39303
  1206000.00    1981.04317
  1209600.00    1980.23804
  1213200.00    1979.48875
  1216800.00    1978.17866
  1220400.00    1976.86268
  1224000.00    1975.45104
  1227600.00    1973.84446
  1231200.00    1972.41580
  1234800.00    1970.98195
  1238400.00    1969.45874
  1242000.00    1967.80683
  1245600.00    1966.05557
  1249200.00    1964.16989
  1252800.00    1962.03641
  1256400.00    1960.10581
  1260000.00    1957.96245
  1263600.00    1955.72423
  1267200.00    1953.30618
  1270800.00    1950.92111
  1274400.00    1948.50487
  1278000.00    1945.86636
  1281600.00    1943.20982
  1285200.00    1940.49640
  1288800.00    1937.72034
  1292400.00    1934.96026
  1296000.00    1932.09417
