     3600.00       0.00058
     7200.00       0.00245
    10800.00       0.00521
    14400.00       0.00829
    18000.00       0.01130
    21600.00       0.01399
    25200.00       0.01630
    28800.00       0.01822
    32400.00       0.01981
    36000.00       0.02112
    39600.00       0.02222
    43200.00       0.02317
    46800.00       0.02401
    50400.00       0.02478
    54000.00       0.02550
    57600.00       0.02621
    61200.00       0.02691
    64800.00       0.02761
    68400.00       0.02833
    72000.00       0.02908
    75600.00       0.02984
    79200.00       0.03064
    82800.00       0.03148
    86400.00       0.03234
    90000.00       0.03765
    93600.00       0.04595
    97200.00       0.05535
   100800.00       0.06650
   104400.00       0.07867
   108000.00       0.09249
   111600.00       0.11059
   115200.00       0.14244
   118800.00       0.20360
   122400.00       0.30478
   126000.00       0.45983
   129600.00       0.66129
   133200.00       0.86500
   136800.00       1.04881
   140400.00       1.30173
   144000.00       1.96167
   147600.00       2.78591
   151200.00       3.42428
   154800.00       3.86517
   158400.00       4.17224
   162000.00       4.42231
   165600.00       4.67591
   169200.00       4.93048
   172800.00       5.14966
   176400.00       5.31346
   180000.00       5.43279
   183600.00       5.51841
   187200.00       5.58816
   190800.00       5.64456
   194400.00       5.68985
   198000.00       5.72622
   201600.00       5.75849
   205200.00       5.79071
   208800.00       5.82201
   212400.00       5.85388
   216000.00       5.88454
   219600.00       5.91433
   223200.00       5.94234
   226800.00       5.96590
   230400.00       5.98691
   234000.00       6.00838
   237600.00       6.03102
   241200.00       6.05428
   244800.00       6.07739
   248400.00       6.10018
   252000.00       6.12288
   255600.00       6.14443
   259200.00       6.16588
   262800.00       6.17871
   266400.00       6.19157
   270000.00       6.20836
   273600.00       6.22702
   277200.00       6.24659
   280800.00       6.26662
   284400.00       6.28696
   288000.00       6.30760
   291600.00       6.32850
   295200.00       6.34964
   298800.00       6.37064
   302400.00       6.39155
   306000.00       6.41273
   309600.00       6.43399
   313200.00       6.45521
   316800.00       6.47595
   320400.00       6.49598
   324000.00       6.51591
   327600.00       6.53596
   331200.00       6.55618
   334800.00       6.57651
   338400.00       6.59682
   342000.00       6.61666
   345600.00       6.63614
   349200.00       6.65640
   352800.00       6.67825
   356400.00       6.70020
   360000.00       6.72209
   363600.00       6.74403
   367200.00       6.76594
   370800.00       6.78752
   374400.00       6.80907
   378000.00       6.83058
   381600.00       6.85169
   385200.00       6.87268
   388800.00       6.89366
   392400.00       6.91449
   396000.00       6.93535
   399600.00       6.95631
   403200.00       6.97741
   406800.00       6.99863
   410400.00       7.01996
   414000.00       7.04135
   417600.00       7.06264
   421200.00       7.08377
   424800.00       7.10451
   428400.00       7.12517
   432000.00       7.14586
   435600.00       7.16650
   439200.00       7.18722
   442800.00       7.20782
   446400.00       7.22819
   450000.00       7.24839
   453600.00       7.26836
   457200.00       7.28809
   460800.00       7.30752
   464400.00       7.32662
   468000.00       7.34533
   471600.00       7.36355
   475200.00       7.38126
   478800.00       7.39844
   482400.00       7.41507
   486000.00       7.43119
   489600.00       7.44681
   493200.00       7.46197
   496800.00       7.47668
   500400.00       7.49093
   504000.00       7.50475
   507600.00       7.51815
   511200.00       7.53113
   514800.00       7.54372
   518400.00       7.55589
   522000.00       7.56788
   525600.00       7.57937
   529200.00       7.59042
   532800.00       7.60108
   536400.00       7.61134
   540000.00       7.62122
   543600.00       7.63079
   547200.00       7.64020
   550800.00       7.64933
   554400.00       7.65809
   558000.00       7.66645
   561600.00       7.67442
   565200.00       7.68214
   568800.00       7.68954
   572400.00       7.69654
   576000.00       7.70315
   579600.00       7.70940
   583200.00       7.71528
   586800.00       7.72083
   590400.00       7.72607
   594000.00       7.73101
   597600.00       7.73567
   601200.00       7.74007
   604800.00       7.74423
   608400.00       7.74791
   612000.00       7.75141
   615600.00       7.75466
   619200.00       7.75766
   622800.00       7.76041
   626400.00       7.76292
   630000.00       7.76520
   633600.00       7.76728
   637200.00       7.76915
   640800.00       7.77083
   644400.00       7.77232
   648000.00       7.77364
   651600.00       7.77479
   655200.00       7.77578
   658800.00       7.77662
   662400.00       7.77731
   666000.00       7.77787
   669600.00       7.77829
   673200.00       7.77858
   676800.00       7.77873
   680400.00       7.77873
   684000.00       7.77860
   687600.00       7.77834
   691200.00       7.77796
   694800.00       7.77772
   698400.00       7.77741
   702000.00       7.77708
   705600.00       7.77672
   709200.00       7.77632
   712800.00       7.77586
   716400.00       7.77533
   720000.00       7.77471
   723600.00       7.77400
   727200.00       7.77322
   730800.00       7.77234
   734400.00       7.77136
   738000.00       7.77029
   741600.00       7.76915
   745200.00       7.76792
   748800.00       7.76662
   752400.00       7.76523
   756000.00       7.76379
   759600.00       7.76232
   763200.00       7.76081
   766800.00       7.75928
   770400.00       7.75772
   774000.00       7.75614
   777600.00       7.75454
   781200.00       7.75287
   784800.00       7.75115
   788400.00       7.74938
   792000.00       7.74753
   795600.00       7.74561
   799200.00       7.74363
   802800.00       7.74158
   806400.00       7.73946
   810000.00       7.73726
   813600.00       7.73500
   817200.00       7.73268
   820800.00       7.73029
   824400.00       7.72783
   828000.00       7.72531
   831600.00       7.72271
   835200.00       7.72002
   838800.00       7.71723
   842400.00       7.71435
   846000.00       7.71138
   849600.00       7.70834
   853200.00       7.70520
   856800.00       7.70196
   860400.00       7.69866
   864000.00       7.69530
   867600.00       7.69230
   871200.00       7.68906
   874800.00       7.68570
   878400.00       7.68227
   882000.00       7.67884
   885600.00       7.67541
   889200.00       7.67198
   892800.00       7.66851
   896400.00       7.66500
   900000.00       7.66149
   903600.00       7.65797
   907200.00       7.65445
   910800.00       7.65094
   914400.00       7.64746
   918000.00       7.64404
   921600.00       7.64068
   925200.00       7.63741
   928800.00       7.63421
   932400.00       7.63109
   936000.00       7.62805
   939600.00       7.62509
   943200.00       7.62223
   946800.00       7.61948
   950400.00       7.61684
   954000.00       7.61366
   957600.00       7.61070
   961200.00       7.60785
   964800.00       7.60510
   968400.00       7.60245
   972000.00       7.59987
   975600.00       7.59734
   979200.00       7.59486
   982800.00       7.59242
   986400.00       7.59001
   990000.00       7.58763
   993600.00       7.58527
   997200.00       7.58294
  1000800.00       7.58064
  1004400.00       7.57837
  1008000.00       7.57613
  1011600.00       7.57393
  1015200.00       7.57174
  1018800.00       7.56957
  1022400.00       7.56740
  1026000.00       7.56524
  1029600.00       7.56308
  1033200.00       7.56093
  1036800.00       7.55880
  1040400.00       7.55669
  1044000.00       7.55472
  1047600.00       7.55289
  1051200.00       7.55113
  1054800.00       7.54943
  1058400.00       7.54779
  1062000.00       7.54617
  1065600.00       7.54458
  1069200.00       7.54302
  1072800.00       7.54149
  1076400.00       7.53997
  1080000.00       7.53847
  1083600.00       7.53699
  1087200.00       7.53552
  1090800.00       7.53406
  1094400.00       7.53263
  1098000.00       7.53123
  1101600.00       7.52984
  1105200.00       7.52847
  1108800.00       7.52713
  1112400.00       7.52580
  1116000.00       7.52450
  1119600.00       7.52322
  1123200.00       7.52197
  1126800.00       7.52083
  1130400.00       7.51973
  1134000.00       7.51868
  1137600.00       7.51767
  1141200.00       7.51672
  1144800.00       7.51586
  1148400.00       7.51507
  1152000.00       7.51438
  1155600.00       7.51377
  1159200.00       7.51320
  1162800.00       7.51266
  1166400.00       7.51214
  1170000.00       7.51161
  1173600.00       7.51104
  1177200.00       7.51046
  1180800.00       7.50984
  1184400.00       7.50916
  1188000.00       7.50842
  1191600.00       7.50759
  1195200.00       7.50670
  1198800.00       7.50575
  1202400.00       7.50473
  1206000.00       7.50365
  1209600.00       7.50249
  1213200.00       7.50213
  1216800.00       7.50128
  1220400.00       7.50024
  1224000.00       7.49914
  1227600.00       7.49796
  1231200.00       7.49666
  1234800.00       7.49522
  1238400.00       7.49362
  1242000.00       7.49187
  1245600.00       7.48996
  1249200.00       7.48786
  1252800.00       7.48558
  1256400.00       7.48313
  1260000.00       7.48051
  1263600.00       7.47774
  1267200.00       7.47479
  1270800.00       7.47168
  1274400.00       7.46839
  1278000.00       7.46493
  1281600.00       7.46130
  1285200.00       7.45753
  1288800.00       7.45360
  1292400.00       7.44953
  1296000.00       7.44532
