0.020,20.000,2.798,2.819,2.786,2.786,53,,5.670,,,0,20061030
28,-40.000,5.670,14,-40.000,5.670,4,-40.000,5.670,0,-30.000,5.660,4,-20.800,5.680,14,-20.800,5.680,28,-20.800,5.680,0,-20.700,5.880,0,-17.500,6.010,0,-17.000,6.010,0,-17.000,5.200,8,-9.900,4.580,0,-6.200,2.740,0,-0.500,2.710,0,-0.500,2.780,1,0.000,2.798,2,0.000,2.790,19,0.500,2.790,2,0.900,2.786,13,0.900,2.786,12,0.900,2.786,8,0.900,2.786,16,0.900,0.020,0,0.900,-0.470,0,5.950,-0.520,0,10.950,-0.780,0,13.950,-1.040,0,15.950,-1.950,0,20.950,-3.310,0,25.950,-2.490,0,30.950,-2.450,0,35.950,-2.890,0,40.950,-3.410,0,45.950,-3.240,0,50.950,-3.240,0,55.950,-3.080,16,55.950,0.020,12,55.950,2.786,8,55.950,2.786,2,55.950,2.786,13,55.950,2.786,19,56.360,2.790,2,57.060,2.800,18,57.060,2.819,0,57.860,2.800,0,57.860,2.730,0,67.060,2.780,0,77.060,2.770,0,84.160,2.790,0,84.160,2.820,19,86.460,2.810,8,87.260,2.810,0,87.260,0.090
0.035,15.000,6.145,6.075,2.561,2.575,41,,,,,1,20061030
14,-30.000,5.660,0,-20.000,5.690,0,-10.000,5.710,1,0.000,6.145,2,0.000,5.740,0,10.000,5.720,14,18.900,5.800,0,18.900,2.570,19,19.900,2.560,2,20.420,2.561,13,20.420,2.561,12,20.420,2.561,16,20.420,0.040,0,20.420,-0.330,0,22.660,-0.410,0,27.660,-0.580,0,32.660,-1.370,0,37.660,-4.470,0,40.660,-5.000,0,42.660,-4.430,0,44.660,-4.000,0,47.660,-2.920,0,52.660,-3.180,0,57.660,-4.180,0,62.660,-4.310,0,67.660,-3.910,0,72.660,-4.560,0,77.660,-3.370,16,77.660,0.040,12,77.660,2.575,2,77.660,2.575,13,77.660,2.575,19,78.210,2.570,0,79.210,2.560,14,79.210,5.810,0,84.710,5.790,2,94.710,5.760,18,94.710,6.075,0,104.710,5.770,0,114.710,5.750,14,124.710,5.720
ñ]ómã¥,0.000,0
0.068,33.000,6.077,5.918,4.329,4.330,39,,,,,1,20061030
0,-30.000,6.360,0,-19.900,6.060,0,-18.000,6.180,0,-15.500,6.210,4,-14.500,6.090,14,-14.500,6.090,0,-10.000,6.110,1,0.000,6.077,2,0.000,6.110,14,13.000,6.140,0,13.000,4.340,2,14.040,4.329,13,14.040,4.329,12,14.040,4.329,16,14.040,-0.060,0,14.040,-5.060,0,18.080,-5.150,0,23.080,-5.170,0,28.080,-5.210,0,33.080,-5.210,0,39.010,-5.160,0,43.010,-5.220,0,48.080,-5.220,0,53.080,-5.200,0,58.080,-5.210,0,63.080,-5.170,0,68.080,-5.010,16,68.080,-0.060,12,68.080,4.330,2,68.080,4.330,13,68.080,4.330,0,69.070,4.330,14,69.070,6.140,2,82.170,6.120,18,82.170,5.918,0,92.170,5.990,0,102.170,5.830,19,106.370,5.740,14,112.170,5.650
ï˙êÖòHêÖñÂä«óùã¥,4.000,1
0.200,132.000,4.718,4.904,1.409,1.395,68,,4.550,,4.710,0,20061030
0,-20.500,4.240,0,-15.400,4.270,0,-12.200,4.980,0,-7.500,5.210,0,-6.300,5.260,0,-6.000,5.260,0,-5.700,4.500,5,-5.500,4.510,0,-5.500,4.310,0,-5.300,4.310,4,-5.300,4.510,14,-5.300,4.510,5,-5.300,4.510,28,-5.300,4.510,4,-1.100,4.600,14,-1.100,4.600,1,0.000,4.718,2,0.000,4.550,28,0.000,4.550,10,3.000,3.180,0,6.700,1.580,0,10.300,1.480,19,11.000,1.410,2,11.310,1.409,13,11.310,1.409,12,11.310,1.409,10,11.310,1.409,16,11.310,0.170,0,11.310,-5.100,0,14.920,-5.280,0,19.920,-5.320,0,24.920,-5.340,0,29.920,-5.570,0,34.920,-5.430,0,39.920,-5.480,0,44.920,-5.580,0,49.920,-5.590,0,54.920,-5.500,0,59.920,-5.190,16,59.920,0.170,12,59.920,1.395,2,59.920,1.395,13,59.920,1.395,10,59.920,1.395,19,60.350,1.400,0,60.950,1.400,0,64.450,1.370,10,68.050,3.100,2,71.450,4.760,28,71.450,4.760,18,71.450,4.904,4,72.050,4.730,14,72.050,4.730,4,76.250,4.640,14,76.250,4.640,5,76.250,4.640,28,76.250,4.640,0,76.250,4.440,0,76.450,4.440,5,76.450,4.640,0,76.750,4.640,0,77.050,5.210,0,77.450,5.210,0,77.550,5.320,0,83.950,5.450,0,86.950,5.390,0,89.450,5.060,0,93.450,5.110
0.400,200.000,3.768,3.609,1.432,1.423,71,,3.630,,3.520,0,20061030
0,-20.000,4.240,0,-15.400,4.270,0,-13.000,4.320,0,-10.600,5.340,0,-9.400,5.300,0,-7.100,4.340,0,-5.800,4.270,0,-5.500,4.270,0,-5.300,3.580,5,-5.100,3.580,0,-4.900,3.380,0,-4.700,3.380,4,-4.700,3.580,14,-4.700,3.580,5,-4.700,3.580,28,-4.700,3.580,4,-0.400,3.680,14,-0.400,3.680,1,0.000,3.768,2,0.000,3.630,28,0.000,3.630,10,0.900,3.140,0,4.300,1.570,19,8.700,1.500,2,9.180,1.432,10,9.180,1.432,13,9.180,1.432,12,9.180,1.432,16,9.180,0.180,0,9.180,-5.530,0,10.840,-5.940,0,12.840,-5.830,0,17.840,-5.320,0,22.840,-5.230,0,27.840,-5.310,0,32.840,-5.420,0,37.840,-5.490,0,42.840,-5.460,0,47.840,-5.550,0,52.840,-5.520,0,57.840,-5.460,16,57.840,0.180,12,57.840,1.423,2,57.840,1.423,13,57.840,1.423,10,57.840,1.423,19,58.200,1.430,0,58.800,1.420,0,62.500,1.500,10,66.100,3.170,2,66.800,3.500,28,66.800,3.500,18,66.800,3.609,4,67.200,3.580,14,67.200,3.580,4,71.500,3.490,14,71.500,3.490,5,71.500,3.490,28,71.500,3.490,0,71.500,3.290,0,71.700,3.290,5,71.700,3.490,0,72.000,3.480,0,72.300,4.570,0,72.700,4.570,0,75.000,4.670,0,76.700,5.180,0,77.800,5.180,0,80.100,4.010,0,84.800,4.310,0,88.800,4.340
0.600,200.000,3.698,3.822,1.438,1.428,70,,3.590,,3.710,0,20061030
0,-19.000,4.200,0,-14.000,4.250,0,-11.300,5.740,0,-9.500,5.760,0,-7.000,4.430,0,-6.000,4.280,0,-5.700,4.280,0,-5.400,3.540,5,-5.100,3.550,0,-5.100,3.350,0,-4.900,3.350,4,-4.900,3.550,14,-4.900,3.550,5,-4.900,3.550,28,-4.900,3.550,4,-0.600,3.630,14,-0.600,3.630,1,0.000,3.698,2,0.000,3.580,28,0.000,3.580,0,0.200,3.470,10,0.700,3.200,0,4.000,1.460,19,8.500,1.410,2,8.890,1.438,10,8.890,1.438,13,8.890,1.438,12,8.890,1.438,16,8.890,0.180,0,8.890,-5.630,0,12.530,-6.050,0,17.530,-5.790,0,22.530,-5.730,0,27.530,-5.860,0,32.530,-5.690,0,37.530,-5.680,0,42.530,-5.860,0,47.530,-5.910,0,52.530,-6.050,0,57.530,-6.120,16,57.530,0.180,12,57.530,1.428,2,57.530,1.428,13,57.530,1.428,10,57.530,1.428,19,57.920,1.430,0,61.120,1.450,0,62.420,1.680,10,65.820,3.180,2,66.720,3.660,28,66.720,3.660,18,66.720,3.822,4,67.220,3.770,14,67.220,3.770,4,71.520,3.690,14,71.520,3.690,5,71.520,3.690,28,71.520,3.690,0,71.520,3.490,0,71.720,3.490,5,71.920,3.690,0,72.020,3.680,0,72.320,4.560,0,72.720,4.560,0,74.220,4.730,0,76.320,5.540,0,77.420,5.510,0,79.420,4.610,0,84.320,4.660,0,88.720,4.720
0.800,200.000,4.927,3.879,1.429,1.451,63,,4.690,,4.850,0,20061030
28,-55.000,4.820,0,-44.500,4.560,28,-37.400,4.700,0,-36.700,4.430,4,-35.600,4.330,14,-35.600,4.330,4,-32.200,4.380,14,-32.200,4.380,0,-31.700,4.490,0,-31.100,4.710,4,-24.000,4.850,14,-24.000,4.850,4,-21.200,4.860,14,-21.200,4.860,0,-19.200,4.930,0,-10.000,4.820,1,0.000,4.927,2,0.000,4.790,0,0.500,4.720,10,3.800,3.220,0,7.300,1.550,19,11.600,1.490,2,12.000,1.429,13,12.000,1.429,10,12.000,1.429,12,12.000,1.429,16,12.000,0.250,0,12.000,-5.380,0,15.620,-5.660,0,20.620,-5.660,0,25.620,-5.700,0,30.620,-5.890,0,35.620,-6.000,0,40.620,-5.980,0,45.620,-5.800,0,50.620,-5.710,0,55.620,-5.840,0,60.620,-5.280,16,60.620,0.250,12,60.620,1.451,2,60.620,1.451,13,60.620,1.451,10,60.620,1.451,19,61.060,1.460,0,63.460,1.520,0,65.260,1.650,10,68.660,3.070,2,69.860,3.750,18,69.860,3.879,0,70.360,3.900,4,71.260,3.870,14,71.260,3.870,4,75.560,3.750,14,75.560,3.750,5,75.560,3.750,0,75.560,3.550,0,75.760,3.550,5,75.960,3.750,0,76.160,3.760,0,76.460,4.590,0,76.860,4.590,28,82.060,4.890,28,90.460,4.810
1.000,200.000,4.815,5.056,1.412,1.428,75,,4.580,,4.760,0,20061030
28,-55.000,4.500,0,-47.200,4.630,28,-40.300,4.600,0,-38.900,4.710,4,-36.500,4.720,14,-36.500,4.720,4,-32.800,4.770,14,-32.800,4.770,0,-32.300,4.770,0,-31.500,4.910,0,-25.600,4.950,4,-24.500,4.870,14,-24.500,4.870,4,-23.500,4.870,14,-23.500,4.870,0,-22.600,5.030,0,-18.300,4.970,4,-15.200,4.560,14,-15.200,4.560,4,-12.400,4.520,14,-12.400,4.520,0,-9.500,4.590,0,-2.300,4.740,1,0.000,4.815,2,0.000,4.690,0,0.400,4.630,10,3.200,3.140,0,6.300,1.800,0,7.300,1.580,0,10.500,1.590,19,11.100,1.500,2,11.510,1.412,13,11.510,1.412,10,11.510,1.412,12,11.510,1.412,16,11.510,0.250,0,11.510,-5.120,0,15.140,-5.470,0,20.140,-5.590,0,25.140,-5.670,0,30.140,-5.570,0,35.140,-5.660,0,40.140,-5.540,0,45.140,-5.750,0,50.140,-5.690,0,55.140,-5.570,0,60.140,-5.050,16,60.140,0.250,12,60.140,1.428,2,60.140,1.428,13,60.140,1.428,10,60.140,1.428,19,60.550,1.410,8,61.050,1.410,0,65.050,1.650,10,68.350,3.200,0,71.850,4.810,2,72.250,4.910,18,72.250,5.056,4,77.250,4.860,14,77.250,4.860,4,79.950,4.850,14,79.950,4.850,0,81.950,5.090,0,86.450,5.090,0,87.950,5.250,0,94.050,5.370,0,98.450,5.160,0,104.950,5.040,4,107.750,4.870,14,107.750,4.870,4,111.250,4.850,14,111.250,4.850,28,116.550,4.780,28,122.250,4.730
1.140,140.000,6.208,6.230,2.958,2.939,37,,,,,1,20061030
14,-30.000,5.660,4,-30.000,5.660,0,-20.000,5.720,0,-10.000,5.760,1,0.000,6.208,2,0.000,5.850,14,2.800,5.930,4,2.800,5.930,0,2.800,2.960,2,4.100,2.958,13,4.100,2.958,12,4.100,2.958,16,4.100,0.240,0,4.100,-5.160,0,9.100,-5.280,0,14.100,-5.290,0,19.100,-5.300,0,24.100,-5.330,0,29.100,-5.290,0,34.100,-5.300,0,39.100,-5.270,0,44.100,-5.260,0,49.100,-5.230,0,54.100,-4.970,16,54.100,0.240,12,54.100,2.939,2,54.100,2.939,13,54.100,2.939,0,55.410,2.960,14,55.410,5.920,4,55.410,5.920,2,57.910,5.890,18,57.910,6.230,0,67.910,5.880,0,77.910,5.800,4,87.910,5.730,14,87.910,5.730
ëÊìÒï˙êÖòHã¥,0.000,0
1.200,60.000,4.933,4.774,1.419,1.410,80,,5.040,,5.290,0,20061030
28,-55.000,5.090,0,-46.500,5.100,28,-38.200,4.940,0,-37.400,5.350,4,-36.600,5.390,14,-36.600,5.390,4,-32.800,5.430,14,-32.800,5.430,0,-32.200,5.300,0,-31.200,4.770,4,-28.000,4.790,14,-28.000,4.790,4,-27.100,4.810,14,-27.100,4.810,0,-25.200,4.810,0,-22.100,4.760,0,-16.700,4.500,0,-7.800,4.600,0,-7.100,4.780,0,-5.800,4.840,4,-5.100,4.700,14,-5.100,4.700,4,-2.500,4.690,14,-2.500,4.690,1,0.000,4.933,2,0.000,4.770,0,0.400,4.690,10,3.100,3.200,0,5.700,2.200,0,7.300,1.940,19,11.100,1.510,2,11.400,1.419,10,11.400,1.419,13,11.400,1.419,12,11.400,1.419,16,11.400,0.260,0,11.400,-4.940,0,15.030,-5.470,0,20.030,-5.480,0,25.030,-5.460,0,30.030,-5.240,0,35.030,-5.210,0,40.030,-5.100,0,45.030,-5.430,0,50.030,-5.380,0,55.030,-5.350,0,60.030,-4.930,16,60.030,0.260,12,60.030,1.410,2,60.030,1.410,13,60.030,1.410,10,60.030,1.410,19,60.380,1.420,0,60.980,1.420,0,64.480,1.450,10,68.280,3.210,0,70.880,4.500,2,71.380,4.620,18,71.380,4.774,0,73.380,4.740,0,81.380,4.620,0,85.080,4.580,4,86.880,4.720,14,86.880,4.720,4,89.680,4.750,14,89.680,4.750,4,92.480,4.800,14,92.480,4.800,4,93.480,4.790,14,93.480,4.790,0,95.680,4.880,0,103.180,4.860,0,105.680,5.050,28,106.780,5.420,4,107.480,5.450,14,107.480,5.450,4,111.180,5.380,14,111.180,5.380,0,111.980,5.260,28,121.380,4.950
1.400,200.000,4.603,4.394,1.417,1.418,77,,4.720,,4.430,0,20061030
28,-55.000,4.660,0,-50.000,4.710,0,-43.000,4.690,4,-36.800,4.740,14,-36.800,4.740,4,-33.100,4.790,14,-33.100,4.790,28,-32.500,4.720,0,-31.700,4.580,4,-30.600,4.560,14,-30.600,4.560,4,-28.000,4.580,14,-28.000,4.580,0,-22.300,4.500,0,-12.900,4.400,0,-12.200,4.510,0,-10.100,4.500,4,-8.800,4.360,14,-8.800,4.360,4,-8.000,4.350,14,-8.000,4.350,0,-4.400,4.290,1,0.000,4.603,2,0.000,4.420,0,0.300,4.380,10,2.800,3.180,0,5.200,2.090,0,7.400,1.830,19,10.600,1.520,2,11.070,1.417,13,11.070,1.417,10,11.070,1.417,12,11.070,1.417,16,11.070,0.260,0,11.070,-5.110,0,14.660,-5.330,0,19.660,-5.160,0,24.660,-5.070,0,29.660,-5.140,0,34.660,-5.150,0,39.660,-5.270,0,44.660,-5.340,0,49.660,-5.340,0,54.660,-5.360,0,59.660,-4.980,16,59.660,0.260,12,59.660,1.418,2,59.660,1.418,13,59.660,1.418,10,59.660,1.418,19,60.010,1.420,0,60.610,1.420,0,64.210,1.460,10,68.010,3.140,0,70.310,4.200,2,70.910,4.250,18,70.910,4.394,0,80.910,4.400,0,90.910,4.440,0,95.910,4.380,4,96.610,4.300,14,96.610,4.300,4,99.110,4.290,14,99.110,4.290,0,102.410,4.690,0,105.810,4.760,4,107.010,4.610,14,107.010,4.610,4,110.610,4.570,14,110.610,4.570,0,112.210,4.890,5,116.510,4.740,0,118.510,3.550,0,119.810,3.780,5,121.210,4.420,28,121.210,4.420,28,123.910,4.430
1.600,200.000,4.502,4.472,1.413,1.424,71,,4.860,,5.830,0,20061030
28,-55.000,4.800,0,-45.300,4.800,28,-38.200,4.990,4,-37.200,5.140,14,-37.200,5.140,4,-33.200,5.220,14,-33.200,5.220,0,-32.100,5.200,4,-28.300,5.170,14,-28.300,5.170,4,-27.400,5.180,14,-27.400,5.180,0,-24.000,5.100,0,-15.500,4.770,4,-6.200,4.600,14,-6.200,4.600,4,-3.600,4.600,14,-3.600,4.600,1,0.000,4.502,2,0.000,4.340,0,0.600,4.270,10,2.800,3.140,0,4.700,2.380,0,7.100,2.040,0,9.900,1.780,19,10.500,1.600,2,11.020,1.413,13,11.020,1.413,10,11.020,1.413,12,11.020,1.413,16,11.020,0.280,0,11.020,-4.650,0,14.610,-5.240,0,19.610,-5.280,0,24.610,-5.250,0,29.610,-5.310,0,34.610,-5.240,0,39.610,-5.140,0,44.610,-5.130,0,49.610,-5.160,0,54.610,-5.280,0,59.610,-5.180,16,59.610,0.280,12,59.610,1.424,2,59.610,1.424,13,59.610,1.424,10,59.610,1.424,19,59.960,1.470,0,64.360,1.510,10,67.960,3.160,0,70.360,4.310,2,70.760,4.320,18,70.760,4.472,4,72.960,4.340,14,72.960,4.340,4,75.660,4.340,14,75.660,4.340,0,81.360,5.080,4,83.860,5.070,14,83.860,5.070,4,84.960,5.060,14,84.960,5.060,0,93.460,5.230,0,101.060,5.200,4,106.860,5.060,14,106.860,5.060,4,110.660,4.980,14,110.660,4.980,28,112.560,5.820,0,117.260,5.900,28,120.760,5.780
1.800,200.000,4.914,4.900,1.515,1.514,72,,5.230,,5.280,0,20061030
28,-50.500,5.190,0,-45.600,5.130,28,-38.800,5.370,0,-37.800,5.130,4,-36.500,5.000,14,-36.500,5.000,4,-27.500,5.200,14,-27.500,5.200,0,-25.100,5.400,0,-17.000,5.310,0,-8.600,5.060,4,-7.600,4.940,14,-7.600,4.940,4,-6.800,4.950,14,-6.800,4.950,0,-2.600,4.890,1,0.000,4.914,2,0.000,4.740,0,0.400,4.660,10,3.300,3.250,0,6.300,1.930,0,10.200,1.790,19,11.100,1.550,2,11.600,1.515,13,11.600,1.515,10,11.600,1.515,12,11.600,1.515,16,11.600,0.290,0,11.600,-5.090,0,15.170,-5.200,0,20.170,-5.420,0,25.170,-5.450,0,30.170,-5.390,0,35.170,-5.400,0,40.170,-5.290,0,45.170,-5.200,0,50.170,-5.240,0,55.170,-5.400,0,60.170,-5.200,16,60.170,0.290,12,60.170,1.514,10,60.170,1.514,2,60.170,1.514,13,60.170,1.514,10,60.170,1.514,19,60.560,1.570,0,64.760,1.720,0,65.460,1.920,10,68.460,3.250,0,71.260,4.640,2,71.660,4.740,18,71.660,4.900,0,78.660,5.090,4,82.760,5.140,14,82.760,5.140,28,82.760,5.140,4,83.760,5.140,14,83.760,5.140,0,93.660,5.210,0,102.660,5.400,4,106.160,5.420,14,106.160,5.420,4,111.360,5.380,14,111.360,5.380,28,111.360,5.380,0,111.860,5.340,0,112.960,5.070,5,117.860,4.730,0,119.360,3.950,0,120.760,3.900,5,124.160,5.840,0,126.160,6.060
2.000,200.000,4.685,4.527,1.573,1.579,76,,4.630,,4.720,0,20061030
0,-51.200,5.060,0,-45.800,5.120,0,-42.800,5.800,0,-41.800,5.780,28,-40.400,4.740,4,-37.200,4.580,14,-37.200,4.580,4,-33.300,4.650,14,-33.300,4.650,28,-26.900,4.550,4,-24.700,4.350,14,-24.700,4.350,4,-21.900,4.280,14,-21.900,4.280,0,-19.700,4.320,0,-12.200,4.430,4,-7.900,4.430,14,-7.900,4.430,4,-6.800,4.430,14,-6.800,4.430,1,0.000,4.685,2,0.000,4.490,0,0.400,4.470,10,2.600,3.340,0,6.000,1.850,0,9.000,1.760,19,10.400,1.660,2,10.890,1.573,13,10.890,1.573,10,10.890,1.573,12,10.890,1.573,16,10.890,0.290,0,10.890,-5.040,0,14.480,-5.050,0,19.480,-4.940,0,24.480,-5.020,0,29.480,-5.170,0,34.480,-5.300,0,39.480,-5.200,0,44.480,-5.180,0,49.480,-5.140,0,54.480,-5.150,0,59.480,-4.970,16,59.480,0.290,12,59.480,1.579,2,59.480,1.579,13,59.480,1.579,10,59.480,1.579,19,59.850,1.600,0,60.750,1.700,0,64.350,1.830,10,67.850,3.380,0,69.850,4.330,2,70.250,4.360,18,70.250,4.527,4,77.050,4.460,14,77.050,4.460,4,79.850,4.460,14,79.850,4.460,0,80.650,4.430,0,82.250,4.610,0,84.550,4.580,0,86.250,4.410,4,87.250,4.450,14,87.250,4.450,4,88.250,4.460,14,88.250,4.460,0,91.550,4.620,0,99.950,4.670,0,106.050,5.090,4,106.750,5.130,14,106.750,5.130,4,110.650,5.030,14,110.650,5.030,28,112.750,4.740,28,120.250,4.700
2.200,200.000,4.319,4.302,1.672,1.683,76,,4.270,,4.500,0,20061030
28,-49.700,4.100,0,-43.900,4.310,28,-39.700,4.400,4,-38.000,4.180,14,-38.000,4.180,4,-34.000,4.250,14,-34.000,4.250,0,-32.600,4.340,0,-30.100,4.350,4,-28.900,4.230,14,-28.900,4.230,4,-28.000,4.230,14,-28.000,4.230,0,-25.000,4.380,0,-16.700,4.420,0,-9.700,4.260,4,-7.400,4.190,14,-7.400,4.190,4,-4.800,4.160,14,-4.800,4.160,1,0.000,4.319,2,0.000,4.140,0,0.600,4.040,10,1.800,3.390,0,5.400,1.880,10,9.700,1.760,19,9.700,1.760,2,10.080,1.672,13,10.080,1.672,10,10.080,1.672,12,10.080,1.672,16,10.080,0.280,0,10.080,-4.830,0,13.750,-5.010,0,18.750,-5.050,0,23.750,-5.100,0,28.750,-5.090,0,33.750,-5.140,0,38.750,-5.070,0,43.750,-4.930,0,48.750,-4.950,0,53.750,-4.830,0,58.750,-4.550,16,58.750,0.280,12,58.750,1.683,2,58.750,1.683,13,58.750,1.683,10,58.750,1.683,19,59.100,1.690,0,59.700,1.690,0,63.400,1.710,10,67.000,3.390,0,68.300,4.080,2,68.800,4.110,18,68.800,4.302,4,74.900,4.180,14,74.900,4.180,4,77.500,4.190,14,77.500,4.190,4,85.200,4.280,14,85.200,4.280,4,86.300,4.280,14,86.300,4.280,0,90.500,4.380,0,99.300,4.360,0,104.800,4.300,4,105.900,4.480,14,105.900,4.480,4,109.800,4.400,14,109.800,4.400,28,109.800,4.400,0,117.900,4.610,0,125.600,4.490,28,127.800,4.480,0,130.900,5.530,0,138.800,5.780
2.302,102.000,4.122,3.905,3.372,3.371,70,,4.300,,4.390,1,20061030
0,-36.400,3.580,0,-32.700,3.640,0,-29.600,5.080,4,-28.600,5.170,14,-28.600,5.170,4,-24.600,5.230,14,-24.600,5.230,0,-24.100,5.190,28,-22.400,4.490,0,-20.000,4.340,0,-10.000,4.320,1,0.000,4.122,2,0.000,4.060,28,0.000,4.060,10,1.400,3.360,0,5.200,1.680,10,6.400,1.730,0,6.400,5.020,0,7.600,5.020,0,7.600,3.380,2,8.890,3.372,13,8.890,3.372,12,8.890,3.372,0,8.890,2.380,0,8.780,2.280,16,8.780,0.300,0,8.780,-5.090,0,13.950,-5.620,0,18.950,-5.250,0,23.950,-5.190,0,28.950,-5.140,0,33.950,-5.310,0,38.950,-5.070,0,43.950,-5.090,0,48.950,-5.070,0,53.950,-4.730,0,55.950,-4.240,0,59.050,-3.610,16,59.050,0.300,0,59.050,2.260,0,58.950,2.350,12,58.950,3.371,2,58.950,3.371,13,58.950,3.371,0,60.210,3.370,0,60.210,5.020,0,61.410,5.020,10,61.410,1.760,0,62.610,1.770,10,66.410,3.410,0,67.410,3.800,2,67.610,3.850,18,67.610,3.905,0,72.610,4.190,0,79.710,4.270,4,85.110,4.280,14,85.110,4.280,4,86.110,4.310,14,86.110,4.310,28,95.510,4.360,0,105.010,4.400,28,108.910,4.400,0,110.210,5.230,4,110.910,5.260,14,110.910,5.260,4,114.710,5.190,14,114.710,5.190,0,115.510,5.120,0,118.110,4.000,0,122.610,3.960
êÖä«ã¥,0.000,0
2.330,28.000,6.156,6.144,2.975,2.968,37,,,,,1,20061030
14,-30.000,5.720,4,-30.000,5.720,0,-20.000,5.830,0,-10.000,6.080,1,0.000,6.156,2,0.000,6.190,14,12.000,6.260,4,12.000,6.260,0,12.000,2.970,2,13.300,2.975,13,13.300,2.975,12,13.300,2.975,16,13.300,0.290,0,13.300,-4.840,0,18.250,-5.050,0,23.250,-5.130,0,28.250,-5.180,0,33.250,-5.240,0,38.250,-5.140,0,43.250,-5.230,0,48.250,-5.230,0,53.250,-5.180,0,58.250,-4.950,0,63.250,-4.720,16,63.250,0.290,12,63.250,2.968,2,63.250,2.968,13,63.250,2.968,0,64.550,2.960,14,64.550,6.230,4,64.550,6.230,2,76.550,6.080,18,76.550,6.144,0,86.550,6.000,0,96.550,5.920,4,106.550,5.830,14,106.550,5.830
à©ã¥,0.000,0
2.400,70.000,1.784,1.768,1.771,1.756,127,,3.940,,3.450,0,20061030
0,-63.000,5.410,0,-59.900,5.420,0,-58.400,4.690,5,-58.100,4.600,0,-58.100,4.460,0,-57.900,4.460,5,-57.900,4.600,0,-57.200,4.550,0,-56.300,3.970,5,-55.600,3.910,0,-55.500,3.800,0,-55.200,3.800,4,-55.100,3.920,14,-55.100,3.920,5,-55.100,3.920,4,-49.900,4.100,14,-49.900,4.100,0,-49.800,4.300,0,-47.500,4.010,23,-45.400,3.990,23,-32.500,3.990,28,-32.500,3.990,14,-31.600,3.980,4,-25.600,3.980,4,-17.900,3.830,14,-17.900,3.830,28,-17.800,3.920,0,-10.900,4.060,8,-10.000,3.850,0,-9.550,3.850,0,-9.550,3.700,0,-9.100,3.700,0,-9.100,3.550,0,-8.650,3.550,0,-8.650,3.410,0,-8.200,3.410,0,-8.200,3.260,0,-7.750,3.260,0,-7.750,3.110,0,-7.300,3.110,0,-7.300,2.960,0,-6.850,2.960,0,-6.850,2.820,0,-6.400,2.820,0,-6.400,2.670,0,-5.950,2.670,0,-5.950,2.520,0,-5.500,2.520,0,-5.500,2.370,0,-5.050,2.370,0,-5.050,2.220,0,-4.600,2.220,0,-4.600,2.080,0,-4.150,2.080,0,-4.150,1.930,0,-3.700,1.930,0,-3.700,1.780,1,0.000,1.784,2,0.000,1.780,19,0.400,1.770,2,0.830,1.771,8,0.830,1.771,13,0.830,1.771,12,0.830,1.771,16,0.830,0.320,0,0.830,-4.970,0,4.440,-5.210,0,9.440,-5.210,0,14.440,-5.180,0,19.440,-5.220,0,24.440,-5.210,0,29.440,-5.110,0,34.440,-5.040,0,39.440,-5.040,0,44.440,-5.020,0,49.440,-4.830,16,49.440,0.320,12,49.440,1.756,2,49.440,1.756,13,49.440,1.756,19,49.840,1.750,2,50.240,1.760,18,50.240,1.768,8,54.540,1.740,0,54.540,1.890,0,54.840,1.890,0,54.840,2.030,0,55.140,2.030,0,55.140,2.180,0,55.440,2.180,0,55.440,2.320,0,55.740,2.320,0,55.740,2.470,0,56.040,2.470,0,56.040,2.620,0,56.340,2.620,0,56.340,2.760,0,56.640,2.760,0,56.640,2.910,0,56.940,2.910,0,56.940,3.050,0,57.240,3.050,0,57.240,3.200,8,57.540,3.230,0,59.840,3.340,4,62.740,3.460,14,62.740,3.460,28,62.740,3.460,4,63.640,3.450,14,63.640,3.450,0,70.240,3.520,0,78.340,3.510,4,86.440,3.410,14,86.440,3.410,4,87.440,3.390,14,87.440,3.390,0,89.940,3.510,28,97.040,3.310,0,98.340,3.910,4,98.640,3.950,14,98.640,3.950,4,102.540,3.940,14,102.540,3.940,0,103.040,3.860,0,104.740,3.220,0,113.940,3.080,0,120.240,2.990
