    1      0.00070
    2      0.32201
    3   1559.01517
    4   2488.54934
    5   1436.61465
    6    765.19766
    7    440.07097
    8   1475.85709
    9   1373.59700
   10   1329.21044
   11   2235.22739
   12   2621.02436
   13   3992.32280
   14   9795.18086
   15  13282.75802
   16  16098.15096
   17  19774.80786
   18  23526.69518
   19  26655.53170
   20  28237.92187
   21  26979.89314
   22  24837.06879
   23  22049.76899
   24  19117.19418
   25  16894.99420
   26  14971.59708
   27  13277.82297
   28  13232.38892
   29  13882.63887
   30  14888.76723
   31  16195.72456
   32  17174.46673
   33  17452.69272
   34  17335.58477
   35  17415.93301
   36  17475.42341
   37  17508.69716
   38  17749.74840
   39  17276.63782
   40  16858.24512
   41  16489.67061
   42  15729.26611
   43  14805.49100
   44  14210.67293
   45  13155.80666
   46  12006.39091
   47  10451.17583
   48   8715.89741
   49   8031.56899
   50   8140.49749
   51   7854.35326
   52   7310.96337
   53   6953.18649
   54   7263.87343
   55   8445.23974
   56  10821.45473
   57  11715.65369
   58  11652.03142
   59  11888.50973
   60  12227.90841
   61  12736.87371
   62  13153.28151
   63  13020.20614
   64  12271.05174
   65  10639.49299
   66   8441.11687
   67   6590.54857
   68   5425.28562
   69   4748.97845
   70   4715.79941
   71   5388.72379
   72   6004.26871
   73   6317.99402
   74   6012.86236
   75   5331.09910
   76   4643.04609
   77   4349.50101
   78   4704.37958
   79   4810.71635
   80   4561.36639
   81   4683.40781
   82   4854.79304
   83   5218.66470
   84   5629.36535
   85   5822.62747
   86   6502.37119
   87   7673.45647
   88   8181.20644
   89   8357.25000
   90   8579.54459
   91   8563.85726
   92   8636.90224
   93   8042.62228
   94   7435.31414
   95   7809.55397
   96   7763.33968
