   3.000000       25.35900    
   5.000000       25.27600    
   6.000000       24.65500    
   8.000000       23.83900    
   10.00000       23.23500    
   12.00000       22.63000    
   14.00000       21.74400    
   16.00000       20.43600    
   18.00000       19.62000    
   40.00000       16.62000    
   60.00000       15.22000    
   80.00000       14.02000    
   100.0000       14.02000    
   120.0000       15.22000    
   140.0000       15.72000    
   160.0000       17.02000    
   180.0000       17.62000    
   200.0000       17.52000    
   220.0000       17.82000    
   240.0000       17.82000    
   260.0000       18.02000    
   274.0000       19.62000    
   276.0000       20.27200    
   278.0000       21.23000    
   280.0000       21.74900    
   290.0000       22.41400    
   295.0000       22.86700    
   299.0000       23.86000    
   300.0000       24.70400    
   301.0000       24.98000    
   302.0000       25.37900    
   303.0000       25.62500    
   310.0000       26.17200    
   315.0000       26.24200    
   320.0000       26.32700    
   330.0000       26.34900    
   340.0000       26.36700    
   350.0000       26.37900    
   360.0000       26.37400    
   370.0000       26.37700    
   380.0000       26.37700    
   390.0000       26.37300    
   400.0000       26.37600    
   410.0000       26.37100    
   420.0000       26.36100    
