   302.000000000000        302.000000000000     
   294.000000000000        294.000000000000     
   288.000000000000        289.009999999999     
   290.000000000000        288.990000000001     
   282.000000000000        282.000000000000     
   278.000000000000        278.000000000000     
   275.000000000000        275.000000000000     
   273.000000000000        273.000000000000     
   263.000000000000        263.000000000000     
   255.000000000000        256.349999999999     
   250.000000000000        256.169999999994     
   253.000000000000        253.779999999999     
   253.000000000000        253.470000000000     
   253.000000000000        253.460000000000     
   253.000000000000        253.460000000000     
   253.000000000000        253.100000000000     
   253.000000000000        253.020000000000     
   253.000000000000        253.000000000000     
   253.000000000000        253.000000000000     
   253.000000000000        252.620000000000     
   253.000000000000        252.440000000001     
   253.000000000000        252.440000000001     
   254.000000000000        252.430000000001     
   259.000000000000        252.420000000006     
   260.000000000000        252.410000000007     
   261.000000000000        252.400000000008     
   262.000000000000        252.390000000009     
   263.000000000000        252.380000000010     
   262.000000000000        252.380000000009     
   263.000000000000        252.370000000010     
   264.000000000000        252.360000000011     
   260.000000000000        252.360000000007     
   258.000000000000        252.360000000005     
   256.000000000000        252.360000000003     
   257.000000000000        252.350000000004     
   258.000000000000        252.340000000005     
   252.000000000000        252.000000000000     
   249.000000000000        249.799999999999     
   251.000000000000        249.790000000001     
   253.000000000000        249.780000000003     
   249.000000000000        249.000000000000     
   242.000000000000        246.849999999996     
   245.000000000000        246.839999999998     
   253.000000000000        246.839999999998     
   251.000000000000        246.839999999998     
   248.000000000000        246.830000000001     
   249.000000000000        246.820000000002     
   249.000000000000        246.820000000002     
   246.000000000000        246.819999999999     
   247.000000000000        246.810000000000     
   248.000000000000        246.800000000001     
   249.000000000000        246.790000000002     
   248.000000000000        246.790000000001     
   248.000000000000        246.790000000001     
   248.000000000000        246.790000000001     
   254.000000000000        246.790000000001     
   248.000000000000        246.790000000001     
   248.000000000000        246.790000000001     
   248.000000000000        246.790000000001     
   248.000000000000        246.790000000001     
   247.000000000000        246.790000000000     
   248.000000000000        246.780000000001     
   246.000000000000        246.779999999999     
   247.000000000000        246.770000000000     
   246.000000000000        246.340000000000     
   259.000000000000        246.220000000000     
   251.000000000000        246.210000000004     
   244.000000000000        244.000000000000     
   244.000000000000        242.870000000001     
   242.000000000000        242.859999999999     
   243.000000000000        242.850000000000     
   243.000000000000        242.850000000000     
   243.000000000000        242.850000000000     
   244.000000000000        242.840000000001     
   241.000000000000        241.989999999999     
   241.000000000000        241.989999999999     
   242.000000000000        241.930000000000     
   242.000000000000        241.930000000000     
   242.000000000000        241.880000000000     
   241.000000000000        241.819999999999     
   241.000000000000        241.819999999999     
   242.000000000000        241.810000000000     
   241.000000000000        241.809999999999     
   240.000000000000        241.809999999998     
   242.000000000000        241.740000000000     
   241.000000000000        241.739999999999     
   242.000000000000        241.720000000000     
   241.000000000000        241.719999999999     
   242.000000000000        241.710000000000     
   242.000000000000        241.710000000000     
   241.000000000000        241.709999999999     
   242.000000000000        241.700000000000     
   243.000000000000        241.690000000001     
   248.000000000000        241.680000000006     
   244.000000000000        241.680000000002     
   239.000000000000        239.510000000000     
   240.000000000000        239.490000000000     
   235.000000000000        233.990000000001     
   225.000000000000        225.000000000000     
   205.000000000000        205.889999999999     
   206.000000000000        205.880000000000     
   230.000000000000        205.880000000000     
   233.000000000000        205.870000000000     
   230.000000000000        205.870000000000     
   238.000000000000        205.870000000000     
   226.000000000000        205.870000000000     
   212.000000000000        205.870000000000     
   230.000000000000        200.999999999999     
   215.000000000000        200.999999999999     
   204.000000000000        200.990000000003     
   198.000000000000        198.000000000000     
   179.000000000000        178.900000000000     
   185.000000000000        178.900000000000     
   197.000000000000        178.900000000000     
   204.000000000000        178.900000000000     
   208.000000000000        178.900000000000     
   220.000000000000        178.900000000000     
   195.000000000000        178.900000000000     
   227.000000000000        178.900000000000     
   210.000000000000        178.890000000000     
   177.000000000000        177.000000000000     
   152.000000000000        152.000000000000     
   148.000000000000        148.000000000000     
   155.000000000000        147.490000000000     
   144.000000000000        144.000000000000     
   144.000000000000        144.000000000000     
   161.000000000000        144.000000000000     
   139.000000000000        139.000000000000     
   139.000000000000        139.000000000000     
   137.000000000000        137.669999999999     
   139.000000000000        137.660000000001     
   135.000000000000        135.000000000000     
   134.000000000000        134.000000000000     
   132.000000000000        132.000000000000     
   129.000000000000        129.000000000000     
   127.000000000000        127.000000000000     
   125.000000000000        125.000000000000     
   123.000000000000        123.000000000000     
   123.000000000000        122.560000000000     
   123.000000000000        122.560000000000     
   121.000000000000        122.550000000001     
   120.000000000000        122.540000000001     
   120.000000000000        122.540000000001     
   120.000000000000        122.530000000001     
   124.000000000000        122.529999999999     
   138.000000000000        122.529999999999     
   129.000000000000        122.529999999998     
   110.000000000000        110.500000000000     
   111.000000000000        110.500000000000     
   108.000000000000        108.000000000000     
   107.000000000000        107.150000000000     
   124.000000000000        107.150000000000     
   141.000000000000        107.140000000000     
   140.000000000000        107.140000000000     
   128.000000000000        107.140000000000     
   131.000000000000        107.140000000000     
   108.000000000000        107.140000000000     
   105.000000000000        105.000000000000     
   97.0000000000000        97.0000000000000     
   96.0000000000000        96.0000000000000     
   94.0000000000000        94.0000000000000     
   90.0000000000000        90.3400000000002     
   103.000000000000        90.3300000000002     
   91.0000000000000        90.3299999999997     
   81.0000000000000        81.0000000000000     
   102.000000000000        81.0000000000000     
   87.0000000000000        81.0000000000000     
   101.000000000000        81.0000000000000     
   74.0000000000000        74.0000000000000     
   95.0000000000000        74.0000000000000     
   84.0000000000000        74.0000000000000     
   83.0000000000000        74.0000000000000     
   86.0000000000000        74.0000000000000     
   59.0000000000000        59.0000000000000     
   55.0000000000000        55.0000000000000     
   54.0000000000000        54.0000000000000     
   54.0000000000000        54.0000000000000     
   53.0000000000000        53.1500000000000     
   59.0000000000000        53.1500000000000     
   72.0000000000000        53.1500000000000     
   84.0000000000000        53.1400000000000     
   60.0000000000000        53.1400000000000     
   53.0000000000000        51.7600000000002     
   54.0000000000000        51.7400000000004     
   43.0000000000000        44.0099999999998     
   45.0000000000000        43.4900000000003     
   42.0000000000000        42.0000000000000     
   41.0000000000000        40.2400000000002     
   37.0000000000000        37.0000000000000     
   37.0000000000000        37.0000000000000     
   36.0000000000000        36.0000000000000     
   36.0000000000000        36.0000000000000     
   36.0000000000000        35.4900000000001     
   35.0000000000000        34.4100000000001     
   35.0000000000000        34.4000000000001     
   34.0000000000000        34.3999999999999     
   34.0000000000000        34.1300000000000     
   34.0000000000000        33.9700000000000     
   34.0000000000000        33.8100000000000     
   34.0000000000000        33.6400000000001     
   56.0000000000000        33.6400000000001     
   67.0000000000000        33.6400000000001     
   54.0000000000000        33.6300000000001     
   45.0000000000000        33.0300000000002     
   84.0000000000000        33.0300000000002     
   60.0000000000000        33.0300000000002     
   79.0000000000000        33.0300000000002     
   81.0000000000000        33.0300000000002     
   41.0000000000000        33.0300000000002     
   50.0000000000000        33.0200000000002     
   49.0000000000000        33.0200000000002     
   37.0000000000000        33.0100000000008     
   41.0000000000000        33.0000000000016     
   36.0000000000000        31.6600000000007     
   27.0000000000000        27.0000000000000     
   38.0000000000000        25.5899999999998     
   43.0000000000000        25.5899999999998     
   32.0000000000000        25.4200000000001     
   43.0000000000000        25.4100000000001     
   28.0000000000000        25.4099999999996     
   28.0000000000000        25.4099999999996     
   25.0000000000000        24.4999999999999     
   25.0000000000000        24.4999999999999     
   25.0000000000000        23.3699999999997     
   23.0000000000000        23.1000000000000     
   32.0000000000000        23.0700000000000     
   23.0000000000000        23.0700000000000     
   23.0000000000000        22.8000000000000     
   23.0000000000000        22.8000000000000     
   24.0000000000000        22.7999999999998     
   24.0000000000000        22.0299999999997     
   20.0000000000000        20.0000000000000     
   19.0000000000000        19.3000000000000     
   19.0000000000000        19.3000000000000     
   19.0000000000000        19.3000000000000     
   20.0000000000000        19.1799999999999     
   20.0000000000000        19.1699999999999     
   18.0000000000000        18.1700000000000     
   18.0000000000000        18.1200000000000     
   19.0000000000000        17.1599999999997     
   19.0000000000000        17.1199999999997     
   18.0000000000000        16.9099999999998     
   17.0000000000000        16.8900000000000     
   17.0000000000000        16.6699999999999     
   18.0000000000000        16.4499999999998     
   17.0000000000000        16.1699999999999     
   16.0000000000000        15.7200000000000     
   15.0000000000000        14.5300000000000     
   15.0000000000000        14.3400000000000     
   16.0000000000000        13.6600000000000     
   15.0000000000000        13.2500000000000     
   19.0000000000000        13.2399999999996     
   19.0000000000000        13.2399999999996     
   15.0000000000000        13.2300000000000     
   14.0000000000000        13.1800000000000     
   14.0000000000000        13.1800000000000     
   21.0000000000000        13.1800000000000     
   14.0000000000000        13.1800000000000     
   12.0000000000000        12.0000000000000     
   11.0000000000000        11.5200000000000     
   12.0000000000000        10.8700000000000     
   11.0000000000000        10.4500000000000     
   11.0000000000000        9.71000000000003     
   12.0000000000000        5.71000000000013     
   21.0000000000000        5.71000000000013     
   11.0000000000000        5.71000000000011     
   10.0000000000000        5.71000000000009     
   50.0000000000000        5.71000000000009     
   21.0000000000000        5.70000000000009     
   7.00000000000000        4.66000000000005     
   11.0000000000000        4.00000000000015     
   54.0000000000000        4.00000000000015     
   7.00000000000000        4.00000000000006     
   9.00000000000000        3.88000000000011     
   6.00000000000000        3.88000000000005     
   4.00000000000000        3.69000000000001     
   4.00000000000000        2.88000000000002     
   5.00000000000000        2.06000000000006     
   5.00000000000000        2.06000000000006     
   5.00000000000000        1.89000000000006     
   4.00000000000000        1.65000000000004     
   4.00000000000000        1.11000000000004     
   5.00000000000000        1.10000000000006     
   3.00000000000000       0.950000000000020     
   5.00000000000000       0.950000000000063     
   5.00000000000000       0.950000000000063     
   5.00000000000000       0.950000000000063     
   8.00000000000000       0.960000000000000     
   6.00000000000000       0.960000000000084     
   3.00000000000000       0.970000000000020     
   2.00000000000000       0.979999999999999     
   2.00000000000000       0.979999999999999     
   1.00000000000000       0.980000000000000     
   2.00000000000000       0.989999999999999     
   2.00000000000000       0.989999999999999     
   1.00000000000000       0.990000000000000     
   1.00000000000000       0.990000000000000     
   2.00000000000000       0.999999999999999     
   1.00000000000000        1.00000000000000     
